0.000000000000000000e+00 0.000000000000000000e+00
1.412095458499178502e-01 -1.526768196287273949e-01
1.151973248040699532e-01 -1.818478182166897300e-02
1.816095622636173523e-01 1.557093649459099227e-01
4.062753828969576514e-02 3.706985282403921916e-02
8.609579055053735719e-02 -1.058146058153549562e-01
2.024952413432097031e-01 1.089823820095434936e-01
3.233932190354252972e-02 3.111956467712738081e-02
1.624920070080473344e-01 -9.995186630915316173e-02
1.586855358227273749e-01 -2.827413910102670111e-02
9.898305769117814179e-02 -1.636627050504445605e-04
2.233978207976476393e-01 -3.788760867636885039e-03
1.616320937586244177e-01 -4.420482588887917480e-03
1.694630867398213836e-01 -1.302875768742439988e-01
2.058861246948664667e-02 1.343213254007985802e-01
1.311310284592165087e-01 7.788220991540879823e-02
4.398713170736105738e-02 1.252851051445878494e-01
5.100009517067927850e-02 -9.280705958989903318e-04
2.350557249510706881e-02 -1.596660314438725636e-01
3.817250533752726376e-03 -7.610723286580359064e-03
2.251012677743321685e-02 -1.725199023319505254e-01
1.496516836597699268e-02 2.027298677128568517e-04
2.689949509144269960e-02 -3.803263286325383411e-04
3.352406063381300344e-02 -1.181142559895344106e-03
2.280540563637268800e-02 -1.739443907673809409e-01
2.367686237884412612e-02 -1.529314920433884062e-01
1.859610469646141850e-02 -1.351197015697793991e-01
3.644096994776668819e-02 -3.744275454652407634e-06
3.917324138273906714e-02 -5.123110877044513350e-04
1.336470734807871687e-02 -9.596501104661285531e-02
1.727336665537624119e-02 -1.236457372193034256e-03
4.708640970261773057e-02 -1.467559130518279464e-01
2.358135491705710268e-02 -1.545267043188544298e-01
3.177575108833372713e-02 -1.767841927172676408e-01
2.344365797116203590e-02 -1.730640669609909976e-01
2.095058302603972078e-02 -1.583477413871695050e-01
2.596485411924457851e-02 -2.972300689158210735e-04
1.550529845318359724e-02 -2.020865683709277202e-02
2.018414310006695633e-02 -1.602338418428709832e-01
2.441762382376983648e-02 -1.649746863241129402e-01
4.109237174617583893e-02 -3.008193985274013407e-06
3.745637676430151053e-02 -1.667563888240521661e-04
2.306122123036456403e-02 -1.699079381020929813e-01
1.751579785119804916e-02 -1.298105640894668955e-01
2.596771152605241786e-02 -6.148512748183227470e-04
1.437277096582546126e-02 -3.241990099092649513e-02
9.961252953579269667e-03 -9.742908338231877352e-02
1.752021130655281519e-02 -1.038836782823271826e-01
7.271986144960417009e-02 -1.157352847144454827e-01
6.974329475809139083e-03 -3.219688116075446194e-02
2.038998800889109050e-02 9.775935681859632131e-02
3.686714602659542719e-03 3.733478736718088913e-04
1.538076672736949334e-02 8.992018655410634331e-02
1.917147556481757151e-02 7.281608113821351480e-02
1.748972757682743656e-02 1.168228908154748114e-01
1.025091008245569181e-02 1.112527471850826080e-02
7.014154544009459924e-02 -3.057571451989130398e-02
1.493863112338325409e-02 -1.324226689104763123e-04
2.166671678541746970e-02 6.630505554068910623e-02
1.136748134136698202e-02 7.242870736188428138e-02
6.859252291062827196e-03 -4.753453750498031621e-02
9.688650648527450965e-04 -5.918196710199539502e-03
3.420956331432731257e-03 -2.118219096852171773e-02
7.380651769567125528e-03 -7.895535525901498097e-02
3.131266515259276823e-02 -1.536015639306608036e-03
8.316881976654021472e-03 -4.960162486056604592e-02
1.364679261014053319e-02 -8.438172643368820427e-05
1.572315306295295201e-02 1.011638287914140913e-03
4.219786178448644426e-02 1.152986062434931958e-01
1.289275308088123038e-02 5.856227092456930960e-02
9.787036433664979274e-02 4.396728952838503679e-02
2.203338681400918847e-02 1.657352450997525983e-01
4.568969753124721422e-02 -2.880573499327824952e-04
6.076632043317957942e-03 -2.943352678348018698e-04
8.693926304490159906e-02 -3.629387683447652670e-05
9.382994895787398482e-02 -3.724860734695139989e-04
5.900892839965354852e-02 1.010642474898194587e-01
1.075815200752238687e-01 1.825870889620192020e-03
1.176394399489081866e-01 5.076870361195557901e-01
1.137616583850525149e-03 5.081555370987514766e-03
1.121005721948064297e-04 6.649031201509907193e-04
