0.000000000000000000e+00 0.000000000000000000e+00
5.709138209095808263e-03 4.273508670108188551e-02
2.087785908628428128e-03 1.313876350165253844e-02
3.262870338644412605e-03 -5.547971938898347589e-03
1.931979297545515298e-02 -3.465517962700339141e-03
1.899426139814215306e-02 -3.693172214993331506e-03
1.554739001572142711e-02 -1.168254274441884732e-01
5.495667279509353249e-03 -4.152164154496117837e-02
1.449180309558155931e-02 -1.530151618685704929e-04
3.429765224802882890e-03 1.619950113064674846e-02
7.788942766072095604e-03 2.271760297785578239e-02
1.425249338070168695e-02 1.064431071425927244e-01
1.201402597313016088e-02 9.080680243381192285e-02
8.564422549985096014e-03 4.115213613706207758e-03
8.705925975410862966e-03 -2.126626904002444640e-02
5.377203291570368214e-03 3.894508464159987526e-02
6.756938076610341862e-03 -4.832380586447361515e-02
4.999947024779727127e-03 -1.294611485261349705e-02
1.607050708136332010e-02 -1.207360972848884328e-01
1.408369055955406395e-02 -9.650085694140293768e-02
2.563787352378507980e-02 5.883797211579752000e-05
1.086713736374990934e-02 1.342331591879848294e-04
1.517311329659230172e-03 3.769135996972737611e-04
1.248366127638175262e-02 -1.281371699832561050e-04
9.905393326350302868e-03 1.340921373180195070e-05
1.812709482843739405e-03 3.527904330506512350e-04
4.126080817337966257e-03 -3.157122811192185092e-04
2.676302164659088208e-03 -9.254984875987713039e-05
1.720743502724709703e-02 5.160477996279100435e-05
1.570483071306377765e-02 -1.356287681443754493e-02
1.080993220015597032e-03 2.266024422821166209e-04
7.476618543887038684e-03 6.738747263312091325e-04
1.164625683234424107e-02 8.863621440228289499e-04
9.407849140219387563e-03 2.865133236135856964e-02
1.001368498403010926e-02 7.434394766738482152e-02
1.389744649702888933e-02 1.017668488570828977e-01
8.441816099946914884e-03 6.193194900317551543e-02
6.246606333679326391e-03 4.605022926497992497e-02
3.179502809894881477e-03 2.280242383565518269e-02
1.856306264587131993e-03 -2.542362300887855047e-04
3.555845644935843198e-03 -1.223323096315708376e-06
1.746944031947047712e-02 -9.096856417215293516e-04
1.428822356942996766e-02 -2.996366460679709747e-04
1.232131580780452575e-02 -6.194383961024917768e-04
1.831407469059615281e-02 -1.366046239332110723e-01
1.643581955762141601e-03 -6.287252654788022532e-04
1.903179835504837172e-02 -1.443330423546328178e-01
7.894580423601259972e-03 -2.441775779968483983e-04
6.407604339056109481e-03 7.319648059241723285e-04
1.338458662062808925e-02 -4.810323439036231336e-05
1.500912762529442229e-03 5.490410373749568659e-04
6.395964184512101421e-03 -1.840338021554831010e-04
6.091043207827541613e-03 3.543507888569379788e-02
2.280409183960890526e-02 6.534527066577530696e-05
1.764133929850809218e-02 4.366669659210302228e-05
1.066209066103391764e-02 -5.489122823409219205e-03
1.612025948834884190e-02 -1.222063601794553395e-01
3.820965032888134008e-03 -2.936724349228420766e-02
1.132477916363616504e-03 4.241470943759683473e-05
7.455821188993531391e-03 -5.733198945437662647e-02
2.404543430455087190e-04 6.362819463884361940e-04
1.008313965246938025e-02 7.714857204267400181e-02
2.048626746178472055e-02 -7.405212192013505001e-02
1.810104099743080341e-02 1.319815071818155328e-01
2.425470477168126943e-02 1.822627380934579711e-01
1.314397431190733774e-02 1.002954128447375165e-01
7.977508055319836727e-03 -8.854160512583999576e-04
1.976632478773665894e-02 -8.626158977019762752e-02
5.215778602891868281e-03 -3.847939105126443188e-02
1.827284233548457162e-02 -1.309868719719122221e-01
7.047657384633340509e-03 4.570424520401731444e-02
9.694738399156438424e-03 2.928583923690361926e-02
2.729880299648711900e-02 -6.604421728329913643e-02
1.462843823089662529e-02 -3.767011803294671030e-03
2.457432064032985791e-03 -8.594266638272677478e-03
1.256591421629252303e-02 9.507601999211534594e-02
8.765080139072416524e-03 4.050345102185926721e-02
8.046289933923537335e-03 -7.628941475774519585e-04
1.565763367370506115e-02 -1.115151984129039535e-03
2.153488244381469158e-02 -1.554309562789017440e-01
1.161456483246038791e-02 -5.675513417818809497e-02
2.695523463082621744e-03 -8.907596251924740013e-03
5.410557908647878160e-03 3.157032703596966000e-02
1.148252848372582728e-02 8.457321079670152009e-02
1.381438949552512598e-02 1.011179447406253401e-01
1.373214570686924138e-02 -9.265663959183405166e-04
1.197729100455748562e-02 -1.128677377742876064e-03
8.874380742847612705e-03 -6.623430898739905703e-02
7.891255246662362208e-03 -4.340789981199828090e-02
8.403953033586375465e-03 5.629129964313005219e-02
6.786915625823037625e-03 -4.630201333065399327e-02
4.206675314107099703e-03 -1.041715924397894490e-04
1.960436634057644012e-02 -1.102987093980215966e-01
3.510983816293716721e-03 -7.371028208817691392e-03
1.580808729589411668e-02 2.546044589728653734e-04
3.961466268742382807e-03 -2.619717196868939779e-02
6.244828189613883850e-04 -1.038497181234678105e-04
1.173112040254079350e-02 -2.733133908731618712e-04
7.326553543257815007e-03 -8.150250846309648172e-04
3.027263162388241571e-02 2.585731944685732629e-05
1.469894339145817914e-02 3.045303195297335494e-02
8.950343084756146039e-03 5.786740952354677003e-02
3.560756004943162190e-03 -4.059901851831702706e-03
2.474945352333347490e-03 2.760654657237463210e-03
8.533772005585043077e-03 4.375015705554306106e-02
7.621995306324587556e-03 -2.130358707408355908e-04
5.686834659064774096e-03 -4.239489112369237978e-02
7.684471399605021825e-03 9.385279679965491742e-03
1.486911493097452068e-02 1.099107711176815494e-01
1.312418338492056524e-02 -1.018000583261461506e-01
8.111258227419629666e-03 5.670125993407902631e-02
1.292715636082497621e-02 9.018688808772933052e-02
7.629625194659647031e-03 3.884201745201523726e-02
9.934232338184936090e-03 -7.493600729992487552e-02
1.526999753828255785e-02 -1.067178347516498510e-01
1.334388462420007908e-02 -2.163756196930236714e-02
4.888927223198674329e-03 -3.656649315457501104e-02
1.420291527413282233e-02 -6.826913387527389077e-02
6.878696993862747425e-03 3.456681289471791449e-04
1.996083099622191631e-02 -4.169378871948725088e-04
1.117299125268966277e-02 8.438745587952112270e-02
3.017660431623526117e-03 2.361757740330054992e-02
2.985937729663314805e-02 -8.810312766856063941e-05
2.415359334909663799e-02 1.103179783447917573e-03
5.561515869397953317e-03 -4.073302039562228666e-02
2.100197598091723197e-02 1.554318421409361592e-02
3.213655518616979814e-03 -1.712839713260699490e-02
6.861096784021885296e-03 1.715786830513568381e-02
7.784909207636141366e-03 2.954449353790412555e-02
3.946557977629135475e-03 -2.599517570228779967e-02
4.895035736146215871e-03 3.308559289265746578e-02
3.683244205638025286e-03 2.460444149418890281e-02
1.579864255392381123e-02 5.307810699121695563e-02
5.239179199551260990e-03 3.355508885787403250e-02
9.594918067717627536e-03 1.870859745097066748e-02
1.170535767511852489e-02 7.988544411160634906e-02
1.198362257979678804e-02 8.593452063749452974e-02
1.241606699167049736e-02 -8.165073835985402206e-02
1.538871714978657691e-02 -1.154732416238015286e-01
3.942854335573846465e-03 1.922281578828733545e-02
1.489528797094758286e-02 1.112696097840872450e-01
4.435697007484471106e-03 3.139586811951119300e-02
1.485382505169636699e-02 -1.041604672576635360e-01
1.694047581626483478e-03 -1.014807624396057290e-02
2.004643401950219339e-02 -1.026216140758492122e-02
1.285999658185970652e-02 -9.737057575246446661e-02
5.267907056711589910e-03 -3.996422074019061188e-02
7.319294376302850486e-03 2.727805015925948524e-04
1.768398020136300805e-02 2.634691453438820657e-04
2.899609031164041006e-02 -1.000535397270545251e-06
2.235967987062520770e-02 7.533132509951744570e-03
9.940323867312337441e-03 6.370841975343453922e-02
6.156844202761548295e-04 5.556772510078116081e-05
4.936995698206609294e-03 -1.709772363954162669e-02
1.440360425334314722e-02 1.072800586678510359e-01
1.049133443293451089e-02 6.590369192495293404e-02
7.605563012682140141e-03 9.055989135402394124e-05
1.443730923694970698e-02 -6.173747525946560438e-04
1.910215840444731000e-02 -3.459727376631055017e-03
1.857468153929721019e-02 -1.407997259978625570e-01
1.157614494763348732e-02 -8.761086561951879348e-02
2.131752165658701292e-02 1.598631660513394337e-01
1.688317750327883796e-02 1.296734600549248329e-01
6.951242883650907492e-03 5.466388213610973851e-02
1.587567537039788479e-02 -1.252151216175242665e-01
2.004416131165189571e-03 1.421599677276091413e-02
5.615555713632812071e-03 -3.945419783673116687e-02
4.973617830752858487e-03 -3.724260942998935259e-02
8.650721107863615714e-03 -5.485526369893240634e-02
6.501126232210992922e-03 4.417623583953775995e-02
1.287190344927263523e-02 9.624534087965144757e-02
5.643332923489578247e-03 -4.037663693308614354e-02
1.526297401598521696e-02 -1.054521071671094545e-01
5.825106074288204962e-03 -3.126681287450422376e-04
8.702914798500407251e-03 5.513210732064033337e-02
3.420283467802112676e-03 1.235204679006278103e-02
7.532405386005017276e-04 -4.301835985123679193e-03
6.529752719397246413e-03 -4.910005859231404007e-02
8.483578586732209992e-03 4.962846700291031338e-02
1.360412428411821376e-02 1.038640531460372635e-01
1.711028537784408179e-02 -1.301891526053679526e-01
8.770315901685124885e-03 -6.699594950335964472e-02
5.287202240179031572e-03 -1.607085472804351337e-02
6.019470018500748532e-03 -5.633898154040045941e-04
1.321127903554346165e-02 -1.316742631315240026e-05
1.788458862450605785e-02 1.363270429418871887e-01
1.043577678594453245e-02 7.845590779568688278e-02
1.177876041051230567e-02 -8.397163008624768110e-02
2.647035976375146371e-03 1.832213132080719176e-02
1.402513785480473223e-02 -9.813203322628412384e-02
1.213499757504082899e-02 -9.344774063341368397e-02
6.058262706698912085e-03 -1.131565106771596513e-03
2.082294957845653646e-02 1.010780080594308973e-03
1.598153062156943598e-03 3.605481580851208176e-04
9.108221959870514348e-03 6.999021492944391964e-02
1.687183570791861084e-02 1.283089815479044604e-01
7.658493146789390263e-04 -3.302634832147958869e-04
4.825437456036683372e-03 1.285190672624536047e-02
2.012111807652332621e-02 -1.638083788737739604e-02
9.123928875545850997e-03 -6.652342898764773693e-02
7.827741547112510717e-03 -5.976700736197287922e-02
1.248739342221722587e-02 -9.529425238693588207e-02
3.363455974841317916e-03 -2.372012387805868747e-02
2.180462480195045905e-02 1.432957191096680127e-02
2.514937766627306417e-03 2.058386084030502244e-02
1.885332082933618980e-02 1.442053561947353457e-01
2.262942146237102714e-03 -3.519985378692669343e-04
9.931579549115408367e-04 -6.898532535942964242e-03
4.890983656860002811e-03 3.798038986303091391e-02
1.210799923575761909e-03 7.996507122484855512e-03
6.438796964511436967e-03 1.449557855986849211e-05
1.179414101409251812e-02 8.951918008825031359e-02
7.362356611553705701e-03 5.477843540347199919e-02
1.319521339717301747e-02 -9.587315874751425882e-02
4.561637940631043872e-03 -2.427193008243531958e-02
3.662933277870330205e-03 6.624689481065821305e-03
1.259940110743789331e-02 -9.532267504920247103e-02
2.511890043142114143e-03 2.948317630036374412e-02
1.543904475255108728e-03 3.806752623991713907e-02
2.751452303242038835e-03 2.346044413010511115e-02
2.514927015974900357e-03 -1.549508315807058938e-02
8.848640380505553996e-04 -8.421963030755036730e-03
2.084191818676766565e-03 5.016041366220692389e-04
1.213388875591745353e-04 -8.789741699872675659e-04
7.685590405489515185e-03 -5.334138894510803003e-02
1.968067042862090173e-03 -1.682435069843662631e-02
1.878492429422451643e-03 7.556687781055381262e-03
1.647085639046979438e-02 1.250504534492735131e-01
9.507559709646798418e-03 7.249565540983331224e-02
2.725285942232607509e-03 2.066037634791711292e-02
1.338073363626556857e-02 -1.022966831146664424e-01
2.332437619931458737e-03 -2.639471981243380065e-04
1.148926037681260483e-02 -8.592327862141993511e-02
1.601271219592244105e-04 -1.902304013125691404e-04
1.207474278670878955e-02 9.132953522331202501e-02
1.379436263520690542e-02 -1.005216066942049569e-01
1.350455463635677304e-02 -9.986509837014438673e-02
5.918938638969343038e-03 -4.376953240425747460e-02
1.395483751568921647e-02 1.052961762468203888e-01
1.423186113168521151e-02 1.073508785703798096e-01
1.223881565602903156e-02 -8.665226076847130920e-02
7.566111141650194542e-03 -5.725179714670933229e-02
1.225655422461544887e-02 -9.337494182857906944e-02
1.499987043276973173e-02 1.139626082893150094e-01
7.270855020449206244e-03 5.528895006102074045e-02
8.565048454661215380e-03 5.666659293012912130e-02
1.678368008564675579e-02 1.252570111404571196e-01
1.782088150927448955e-03 -1.237245674364299310e-02
7.556164417180055021e-03 -5.511618736588571460e-02
3.883386940846080687e-03 5.027329750678092256e-03
1.323720497053059234e-02 7.819498626027027166e-02
4.223371063427111723e-03 2.965722870107583356e-02
1.255260230150326284e-02 -9.532326862059498085e-02
1.382214711184976373e-02 -1.013832011413585421e-01
1.279669149572716831e-02 -9.738388722265332864e-02
7.639588551003219721e-03 4.550066899880680915e-02
4.326932041285755544e-03 -1.952447959442045813e-02
4.246362362715060297e-03 1.453920577991407552e-02
9.829326786136944813e-04 6.197985591907840272e-04
3.592900756110945447e-04 6.729444034987994649e-07
1.118557155254149699e-02 -8.378468334863996281e-02
1.656055042638258229e-02 1.254470332849516312e-01
1.802591892302897805e-02 1.375372808541951153e-01
1.622755135765575896e-02 1.199615720904754906e-01
1.095449668507472718e-02 -8.384226406668150722e-02
1.288647156295432902e-02 -8.736578355957529129e-02
2.403367091222369072e-03 9.221171575982518853e-03
1.456740166152064968e-03 -4.687206630310099221e-04
9.503785153711743691e-03 -7.201486018320124582e-02
1.640462498793252011e-02 -1.171857484822100420e-01
5.117474875738303817e-04 4.148373325268173194e-04
7.611499503574373909e-03 5.297364018294546673e-02
1.739948389571838519e-02 1.314205428077213633e-01
5.717261357157701375e-03 -3.910123280260659889e-02
1.353154218807456344e-02 -8.538293614602614212e-02
5.501303050423301741e-03 -1.552433315101669174e-02
7.343279687755844762e-03 -3.693168674741641871e-02
1.725055519881749100e-02 1.238449496553785806e-01
8.225706069394387102e-03 -6.090211577265492587e-02
1.675527588451251187e-02 -1.223955930185349900e-01
1.238766958894108733e-02 -8.802786925170834331e-02
4.640566543570021074e-03 -3.205944268286087251e-02
8.665481259714729809e-03 5.905457333187085368e-04
2.121250485508045097e-02 9.564336676414893212e-02
2.303200728362166105e-02 1.647503437401406368e-01
1.580214813648847180e-02 6.880018238081515858e-02
3.156312563949236361e-03 -4.074030169777790754e-04
2.058939989379993465e-02 -2.891768683756472521e-04
1.297559080514705705e-02 1.174647716357219568e-02
6.658738253677050703e-03 -2.313786752116539426e-04
2.712227875412618824e-02 -2.995187160007462424e-04
1.617768716002926724e-02 -7.802938915718756179e-04
1.762992488710812475e-02 -1.195662026664215533e-01
1.074795237333745976e-02 -8.004043227590101894e-02
9.593173376218969151e-03 -5.323073597366890369e-02
8.072289404279904546e-03 1.873140389703753777e-04
9.603852415075235863e-03 3.673081120525556573e-04
2.441812146322346836e-03 -1.021523413285786372e-02
1.585695969126182936e-02 1.187940711292911622e-01
7.282704857460148111e-03 5.303611760224905686e-02
1.511692365841059253e-02 -7.598860838901523584e-02
3.801419198203466986e-03 -2.477973762668618171e-02
1.200379121841877589e-02 8.615308887135075810e-02
1.885127382979063029e-02 1.128536388205957641e-01
1.194741008285546240e-02 7.079536178347115016e-02
3.662182628438094036e-03 -1.665729471946844251e-04
2.866028568707859516e-03 4.067374693412950551e-04
8.141641289635785650e-03 6.183475284035507696e-02
1.138998675038664816e-02 -7.313199154488678189e-02
8.489879262596264700e-03 7.092024421296379277e-02
6.999780462368828922e-04 5.714290977292905797e-03
1.184003986597815042e-02 -8.994352319226338321e-02
9.356351224284109244e-03 -7.109057273783490893e-02
1.721704246302624072e-02 8.860637713773997573e-04
3.638236580489283365e-03 9.432233818397771146e-04
3.372387891106663760e-02 1.457992034350546161e-02
6.274850244871380336e-03 -4.659070307934864291e-02
8.831920428684513283e-03 -6.654214251145972037e-02
2.252292939856368956e-02 9.594589891216878230e-04
1.995613535625602800e-02 3.234054654819495250e-02
1.733533667129360731e-02 1.291798987223162498e-01
9.052111918457343004e-03 6.187895908783784538e-02
1.654187812280355149e-02 -5.003507420235168979e-02
2.013087835182137547e-02 -1.522214575907582801e-01
4.256127960256453520e-03 4.698961270600119549e-04
2.060020904052096286e-02 5.842144113167058866e-02
1.087779176485981561e-02 8.094584971321018563e-02
2.148780577862166238e-02 1.622604645111480060e-01
1.064749232056894437e-02 -7.819608199171668161e-02
1.044294502731915597e-02 -6.511030991802176093e-02
2.291357130922165846e-03 -2.236637401425813565e-06
2.427240255854955057e-03 -1.464955058168599354e-02
7.504178807858033311e-03 1.967043750349832879e-02
1.937088445671042783e-02 1.447882163595313187e-01
1.530797090372498608e-02 1.042204968448199598e-01
1.960991862668467339e-02 -8.204193744272338671e-04
6.515108522892163953e-03 4.848657295146006213e-02
1.100615451512523477e-02 -8.100875173273666251e-04
1.846795321901706019e-02 -1.332402430855437192e-01
2.333693526129505466e-02 -1.541126857128625460e-01
2.818095559891065430e-02 -3.114162991564104616e-02
2.132432324654189026e-02 -3.565947284932046791e-04
4.102613103967210455e-03 1.016364313783364899e-02
2.245028068106755259e-02 -3.659202052879924902e-04
1.551457028114605792e-02 -3.258668709865653827e-06
1.574754163424259626e-02 1.598330739004449126e-04
1.220793923007173175e-02 -4.126171584400326053e-02
4.657930215361837968e-03 -2.044589558507610091e-04
2.130511184704940095e-02 2.227879669596719535e-04
1.713320955496956330e-02 1.382086414711288349e-04
1.285324011181445108e-03 -2.226035862342372763e-03
4.872013228618340963e-03 -3.458348366342990643e-02
3.728552351257319666e-03 7.957664052658698509e-04
6.593354611596975376e-03 -2.495473170511676442e-02
1.488992762156735906e-02 2.678467790686335222e-04
1.059165788866220717e-02 7.926006400628421043e-04
1.707208740129036520e-02 1.273820636405008089e-01
1.153118924975299331e-02 8.165336457932741154e-02
1.496707644727696476e-02 3.154744616616559499e-02
4.614852477154463527e-03 3.659793536826562964e-03
5.923496247175882509e-03 4.206065192269587555e-02
5.683931130204374765e-03 2.404696303389122422e-02
1.457723720390525189e-02 -1.108484880840793912e-01
1.778848267150389892e-02 -6.900835596565994823e-02
2.519559780524150295e-03 -1.222085773995040077e-03
2.900885840859869155e-02 3.106466183496205211e-03
1.164145121245990571e-03 -4.101506972226616802e-05
3.025762317639395585e-02 -2.791186329187750597e-03
6.276828364359571082e-03 -4.616424266941068083e-02
1.021630945428539730e-02 -7.633782322044764534e-02
1.615943901046217740e-02 -1.244919173449082761e-01
1.897338519236109119e-02 2.005414377227749106e-03
3.694998744843103981e-04 1.392798693592066806e-03
1.605016671226162234e-02 1.221873213398569913e-01
5.622260670410723265e-04 -3.624537282796694206e-04
5.680229067683654001e-03 4.321558847188892993e-02
1.053958188583923802e-02 7.886056607716955547e-02
6.307138654128071481e-03 3.350779354676704930e-02
1.535840161816198410e-02 -1.766636947989464845e-04
8.516656931048112791e-03 -1.005572623118054700e-03
3.330343181751197357e-03 -2.523318159150069948e-02
1.282875675035074874e-02 9.712986992989398882e-02
6.487372934700696113e-03 -8.411371125703622593e-04
1.422192772409763828e-02 -1.086400734895324738e-01
1.200706467460131016e-02 -9.199567463104935117e-02
3.559947570548483396e-03 -2.254918254298025199e-02
1.082004444043378061e-02 -8.187338068262456359e-02
1.201947304060495270e-02 3.659912727048975902e-04
1.713458215491658887e-02 1.025070749631570030e-03
7.019148383207178890e-03 5.326190166707164136e-02
1.603305016767150870e-02 1.228235107825564609e-01
6.407781361927196960e-03 4.800326219570906494e-02
1.468197636154452632e-02 -9.139057845256447210e-02
8.878842707189039604e-03 -6.832535562358905967e-02
4.000081254814089049e-03 -2.959068244283873800e-02
1.895833016444116827e-04 -7.023000358699258901e-06
2.800532634558804915e-03 -2.156462325746022132e-02
4.883522276545063275e-03 -2.397472880900022732e-04
2.474927901582687877e-03 -1.957846325031923490e-02
1.364400908415614941e-02 -1.044984775359553836e-01
4.640952590178572951e-03 9.398008449550300644e-04
4.308739859629142840e-03 -2.537820801761259555e-05
1.717033447455374243e-02 1.313090633104028460e-01
8.337015900138713270e-03 -6.453450673123085901e-02
1.039595326208214363e-02 -1.000401098578013702e-02
8.971076849273425594e-03 6.577095745130594195e-02
6.376272072178763503e-03 -7.648077864935703962e-02
1.567221364832960956e-02 -1.198977828904726900e-01
6.934549049869573670e-03 4.706712406816303262e-02
3.875152443288557100e-03 1.500187245205469345e-02
1.049965016622994574e-02 7.948246231463859668e-02
1.057045804155797540e-02 7.863042540882822506e-02
1.396175872739900854e-02 1.043286089771699038e-01
1.772219505318720773e-02 1.042947345571449136e-01
2.774403635741234768e-03 -2.219040935266722997e-02
3.043656342269426395e-03 -2.343575176621984571e-02
1.873877022514062324e-02 -1.418130399671166664e-01
3.105915285379020219e-03 1.091997309646302629e-02
4.706054786234419030e-03 3.178062847259881252e-02
1.743641172221185864e-02 -1.335730116986039440e-01
3.959863652981508372e-03 3.059156309113100769e-02
6.704454642224303568e-03 5.092936318506101345e-02
2.500893729171349295e-03 -1.997230131231076539e-02
1.370805894606484665e-02 -1.043053777730815063e-01
8.020948713160409600e-04 3.668117843580977135e-04
1.681725309791295715e-03 -5.733209996304416967e-03
2.456063747327533707e-03 2.017709256478252000e-02
1.316079009456030437e-02 9.767556861312266803e-02
1.010184227134299992e-02 -7.669587133698103909e-02
6.413528817497263397e-03 -3.881581970737620069e-02
3.357975951061568064e-03 2.178955565867026281e-02
1.889663085587196811e-02 1.431381676136854186e-01
2.066399286515583841e-03 -1.413597843698005284e-03
1.365848984367168568e-02 1.031270315267331233e-01
8.466480060556136680e-03 3.155464471995855086e-02
1.675641871166679703e-02 9.485536097145610968e-02
9.904196277646937219e-03 7.404720803281808483e-02
6.685044358362505481e-04 6.772782258927013705e-04
9.237818396240812802e-03 -6.473229162508996326e-02
1.573888599692219170e-02 -1.193438909400487274e-01
6.585661840097876280e-03 -4.973185781426205099e-02
1.763587298520506719e-02 -1.351648384738245445e-01
1.642636815806437084e-02 -1.060295417796548872e-01
1.179400342229796998e-02 8.781262725569517757e-02
1.120643194773818761e-02 7.316339675014373045e-02
8.974207483822832163e-03 -5.404172559179911545e-02
2.777260854469855694e-03 -1.863197266531751615e-04
1.684919078160309171e-03 6.739592429380499884e-03
2.230684925862946519e-02 7.419369571418804599e-02
5.542219655975941239e-03 4.007486780691101730e-02
1.169861929488153970e-02 6.209497999527974904e-02
1.511565051940730667e-03 -8.928687838073260134e-04
1.183127019945933237e-02 -8.889937758533261736e-02
9.801062948733710659e-03 -7.251941091608266055e-02
2.429383040304995255e-03 -1.632002718257546253e-02
2.424621415089673639e-03 6.091163102053716305e-04
1.204382406203179101e-02 8.941051988478074253e-02
1.746511483313325716e-02 9.049913408098750334e-02
1.261449976374266063e-02 9.509999768654189833e-02
2.230767043690606508e-03 -6.319679856700519691e-04
2.793820433153827373e-02 -9.870000287385582213e-04
1.895171785018176860e-02 -1.429629867388265696e-01
9.029771047377557411e-03 -6.736408051575591693e-02
1.179113839619131895e-02 -5.341579421955331558e-02
2.298557008350047767e-02 -5.490330217533533096e-05
1.102545945133417450e-02 -2.357678085260787241e-04
2.583771177320184215e-02 6.911952839475965537e-05
6.683330205520948697e-04 -4.520720286205677854e-03
1.167460717218306993e-02 4.641092346036123051e-05
2.041792227592021183e-02 5.524318975611275644e-04
1.026834351861868021e-02 5.212133874804941031e-02
6.222821699354936717e-03 4.611967826822627181e-02
1.725544057936427220e-02 1.297653395249132313e-01
1.300423687799201044e-03 -1.609305214964251100e-05
2.012239894446442995e-02 -3.685054308083922522e-04
1.391937855708660909e-02 -1.045172426604355775e-01
1.409288011242874027e-02 -1.064787620485460745e-01
2.373120519479221535e-02 -7.329260542847127477e-05
1.926211252761758294e-02 8.645621374387050368e-05
3.173793692734871996e-02 2.345481866310828801e-04
1.803280716420672947e-02 1.324403354601745020e-01
1.376379158674964718e-03 4.131722885419741756e-04
2.958601754808841671e-03 1.417599938284026632e-02
8.312718263390759046e-03 -1.650154479447218611e-05
1.821100083082644386e-02 1.281502785123983350e-02
3.536413989732804103e-02 -7.275434083299111806e-05
1.630911477908214210e-02 -1.232484656544873686e-01
1.467003145111409057e-02 1.123071282892503103e-01
1.016800637611336468e-02 2.655856124580851553e-04
1.554088919671063954e-02 5.107018193811794311e-05
2.216041115065445904e-02 -1.027584077822932263e-01
1.272426644868121515e-02 7.066975881642784119e-02
2.002989988341881064e-02 3.546437425517122433e-02
4.589209239057215339e-03 2.516147443647981721e-02
1.149218565578279637e-02 -8.838927678479131800e-02
5.992063546465209618e-03 1.286380410965012671e-04
2.386223712628552859e-02 1.663094355654552953e-04
6.058188183079757025e-03 1.833674243036139941e-05
1.149778556920071429e-03 -4.412973378569548695e-04
5.177431444494263579e-04 -3.210929431174949431e-04
1.975404067728333754e-02 1.368946791048585368e-04
1.635135841610857801e-02 5.577526510445454319e-04
2.596281793104826888e-02 3.414390998429152335e-02
7.677600977079240352e-04 -3.613337731613246135e-05
9.270850397285543623e-03 7.032445757994287838e-02
1.192850604276564537e-02 -8.526848539858032650e-02
2.070800601463336412e-03 -4.376813268753428055e-04
7.620073998227987894e-03 3.177344618149763322e-02
3.721032850578376381e-03 -2.693067103331069773e-02
2.009995920536014266e-02 1.310459624282033497e-01
1.174921542885355719e-02 8.246658580405931416e-02
3.453838568262719740e-03 -4.142269816675701530e-03
1.238576185803497674e-02 -9.396264454814758083e-02
4.177319985405046274e-03 2.900027342864153548e-02
5.874410594653216473e-03 3.905223292925847495e-02
1.000101174223791411e-02 7.273477870523138711e-02
5.934488604605587733e-03 -4.327585046938825508e-02
1.556293950404503447e-02 -1.169112685209796193e-01
2.672090367463572994e-02 -1.330338587496108782e-01
2.057374459437674372e-02 5.705599585147414247e-04
7.825554635787964133e-03 6.193437363471789329e-04
1.910055925827080711e-02 6.027949262959783616e-02
1.466936598615162408e-02 1.104108363388747321e-01
2.129248135985430113e-02 1.541471001456992118e-01
1.017070134211138510e-02 -1.395356642417916546e-03
1.719261199076430047e-02 -3.053649602742505506e-04
1.307350192306513600e-02 4.350797663084028817e-05
3.117531241056314614e-02 1.407459368904918180e-04
1.854667105243928277e-02 -2.004478456573648842e-02
4.486666536756126790e-03 2.890636131573386461e-02
1.891110870486939141e-02 -1.431812598454399454e-01
3.964879969994182345e-03 8.150351727082169552e-04
3.453838091203362878e-03 -2.589900654724627826e-02
2.331910322904126587e-02 -1.426082320592889270e-04
1.594833916215037881e-02 5.895952769650971467e-05
1.884705885505449929e-02 1.341217842570570362e-01
1.069702329043463115e-02 8.178322667640315624e-02
1.323339336382569308e-02 -3.525241693802360493e-02
2.094061281203027369e-03 7.668864445150982111e-03
7.722587542378593801e-03 -5.799134260583278799e-02
8.240095705885418925e-03 6.437207831419314297e-02
7.005722859615612017e-03 -8.279879057280557786e-02
3.724084540200079448e-03 2.893594712623389492e-02
6.490449509296491830e-03 4.596575369054053256e-02
6.947506564782507214e-03 5.664222795738711042e-02
8.994829619399808546e-03 7.038516387781612593e-02
2.066282518840874358e-03 -1.364294701420595141e-02
6.797165349415501719e-03 -4.972796111923726003e-02
1.306698555849386024e-02 -1.013396052943141140e-01
1.245065207932100591e-02 1.176045416744680343e-03
1.264581267113846358e-02 8.983583630499605496e-03
7.024350201248134862e-03 1.981606281108920856e-02
9.716026144232513956e-03 -7.442201374042065054e-02
1.213693115101787540e-02 -8.968527354325092626e-02
2.099199439836443512e-02 9.362513352867912015e-04
3.641941054841717901e-02 7.125614863714753097e-03
5.934688812305030994e-03 1.282208676411113711e-03
1.508191488681576327e-02 5.780436310272391714e-02
9.627404537760947748e-03 6.800663416002797335e-02
1.133594305245199697e-02 8.494220712706461451e-02
1.606787637191169418e-02 -1.223185404846158092e-01
1.785334772409212858e-02 -1.359344219807382126e-01
1.360570100653834755e-02 3.392921597079222307e-02
7.548302042379469515e-03 5.639592000166509383e-02
2.441319534769162934e-03 5.137818641504064438e-04
6.150320352769830627e-03 4.334417478606777258e-02
1.206836938800820089e-02 8.956171778285408613e-02
8.564534573504341622e-03 6.322886328982277315e-02
1.479197208728012976e-03 -9.222324831628663996e-03
1.797621339580710671e-03 -6.745887242728227599e-04
1.736719723592030111e-03 9.224396164454768537e-03
1.154730004824708204e-03 5.569031610563157219e-04
4.632063444633068711e-03 -1.055814477632933610e-03
2.042171773816856255e-03 -1.257780381539707303e-02
7.916294257805741100e-03 -5.486996811556583281e-02
1.857417125694849763e-02 1.382300161784537351e-01
8.614278272697931463e-03 -6.467903872693939182e-02
8.126516792100645786e-03 -6.102045429710615393e-02
8.636546655986589854e-03 -6.229155589046960623e-02
8.745629288402152410e-03 6.186134669017113313e-02
5.944753004293028276e-03 -4.477435329374897938e-02
2.358965607679634671e-03 -1.487101825859528381e-02
3.552878683465288795e-04 -9.529741884000955600e-05
3.915518062850234342e-03 1.687440694550840226e-02
1.583468910042278369e-02 1.122900905498734475e-01
1.620054682717272584e-02 1.205328622374575304e-01
9.229568419481960079e-03 -6.714473567945275501e-02
7.889033018433582942e-03 -5.888174912560872887e-02
3.957271275371630932e-03 -2.936428374929862459e-02
8.630069952056847182e-03 -6.038885863623545680e-02
1.191790129324363581e-02 -9.048017102640086573e-02
1.574829922366014628e-02 1.103581449127637604e-03
1.860790676000317889e-02 1.399216168638513502e-01
5.272514168498131960e-03 3.500707490051063048e-02
1.319651277683281040e-02 9.865829463883452055e-02
6.698483545492473976e-03 9.034159735963182697e-03
2.036287019962404812e-02 -5.976771534422329474e-02
1.283614875589271682e-02 -9.596774769991836540e-02
3.373744115025177018e-03 -9.685034525138492070e-03
1.998247920744018660e-03 -4.299962843519944053e-03
1.800987009250410754e-03 -5.130169143152436969e-05
9.679825508571368586e-03 7.215686399566476061e-02
7.031009667463295962e-03 4.545807879592832917e-02
9.198934251373767912e-03 -6.716109204414556777e-02
1.017945050855622452e-02 -7.662360184269774444e-02
2.226947185499486385e-03 -2.042779489221197616e-03
1.823591645639732750e-02 1.363868800453636732e-01
1.187829895443179642e-02 8.479196619762428833e-02
4.742661819545039917e-03 3.566042175400049863e-02
1.861323071442502752e-02 -1.220281486827031331e-01
2.345194185752379288e-03 -8.009295721085323005e-03
6.732608213058314216e-03 -1.351417260192766144e-03
4.087442908648276571e-03 3.039124561290203891e-02
1.082222848013047328e-02 -7.889798251550353414e-02
5.884122000916936109e-03 -3.180563918753123720e-02
8.208149055578128558e-03 -5.956060633228056622e-02
5.446532267465193679e-03 4.389944843220339871e-02
1.019056324562093128e-02 7.455754483486011497e-02
6.606005179621736619e-03 -4.927836857366166279e-02
1.271789728524405465e-02 -9.581232903942123180e-02
2.028626755220926114e-03 1.954335294027964055e-04
1.893135791390453604e-03 -1.596770241668153331e-02
2.737870331144475009e-03 2.159889349452726731e-02
1.691382242820130277e-02 1.270350705952067449e-01
2.890664882279582112e-03 2.178591353228294739e-02
1.429829259074409577e-03 -3.249051565973512176e-03
5.085714211992748736e-03 -1.148416830463682980e-01
6.295518699680459351e-03 4.709582904216537413e-02
1.981957697190580778e-02 1.138444849116519025e-01
1.083869638400405087e-02 -7.451347623076477744e-02
6.715291047855814766e-03 -1.749410452837131535e-02
2.602385793050104174e-02 -4.888126868261913338e-03
1.759885091013932814e-03 6.377938173939561202e-03
6.483157201517968137e-04 2.142099569923120372e-04
1.246446693690308506e-02 5.690748166024457017e-02
2.482245971950952645e-02 -6.996316664197766051e-04
4.722529143472631828e-03 -1.866252059284588245e-04
8.425019827532018992e-04 -1.015591598428112769e-04
5.178912596938499424e-03 4.017605786509697435e-02
2.453070263769692796e-02 -9.878856633091786122e-04
1.967565015109247473e-02 -1.798073670764596330e-02
2.969227732736076306e-03 -5.887230209267852420e-04
1.141636757591591930e-02 -2.935454860134010732e-02
4.815007308031030858e-03 -6.457855443021501621e-03
1.019072311758161507e-02 7.738359361651417356e-02
7.568554544914655839e-03 5.679110642487480293e-02
2.319511410769151127e-02 -3.359889223071448050e-02
5.995828611889522479e-03 4.373293936995407277e-02
4.746824254907315056e-03 3.553400648511364363e-02
1.977337509529732834e-02 -3.522862358296959678e-02
1.743243072132573401e-02 -1.255598043799536212e-01
1.319041645480534264e-02 -9.803214931349384098e-02
1.024874826233586854e-02 -7.666765338483340353e-02
1.221516011952650076e-02 8.451836952230996902e-02
4.258482636183613668e-03 -3.063519096396911945e-02
1.508584427672511087e-02 -1.656539982181676543e-02
1.106326101218492106e-02 7.839620325891609454e-02
1.389455712715580160e-02 -1.027920508312159947e-01
9.408463088862921084e-03 -6.011616351359268945e-02
1.816469169792488819e-02 9.129709721811681781e-04
1.259226875915561185e-02 8.551159900439792017e-02
1.649818094436402913e-02 1.219415862105126813e-01
6.622439936014813330e-03 4.967811113206316298e-02
5.880933782073183638e-03 -3.625614245218436449e-02
1.322876605696894723e-03 8.574124672100153985e-03
4.419665858129043223e-03 2.980738227245005589e-02
4.371048118334068880e-03 3.252980508755928812e-02
1.328176722734339572e-02 -9.947200900718772276e-02
9.966910845171240985e-03 -7.106325961294347737e-02
9.420231006033771837e-03 6.225232736975881698e-02
9.148274854000583434e-03 6.675052902130527988e-02
1.741057123393139824e-02 9.497994358581002272e-02
1.563060382040638158e-02 -3.811932038034413482e-04
1.436350385633716926e-02 -1.075734422392722739e-01
2.502467394349649262e-03 -5.593617771188968968e-03
1.103266890980182310e-02 -6.419966328602419448e-02
2.785466536957069850e-03 1.824014927713214426e-02
3.167891277702729672e-03 -2.141533843522883118e-02
1.258262882750575337e-02 3.302138309918273978e-02
1.257906475571415189e-02 9.575348367180332165e-02
1.089273108398854280e-02 1.874322637019278787e-02
1.303754561824569703e-02 -9.846136577558084468e-02
9.732667970217231609e-03 -7.188166511169559458e-02
7.518822214915585854e-03 -8.565034119724836137e-02
1.718857317520152903e-02 1.303746128577138730e-01
2.943024476458844414e-03 2.150804244472891841e-02
1.411725398905001004e-02 1.077988093513309736e-01
1.062378526198026231e-02 -7.510214752555383066e-02
4.611566232547263666e-03 2.752081858227967137e-02
8.308190523360585791e-03 -3.416023982764853500e-02
5.710780061349505707e-03 4.238842093534423566e-02
8.035406052262062879e-03 7.279587179564652333e-04
1.329104156175202507e-02 -1.012030222325636941e-01
1.554180630410469804e-02 -1.188362129827815472e-01
4.640922848914874610e-03 8.347543569691375149e-05
3.371191477467636987e-03 1.522268923409052579e-02
2.248515449987590134e-02 1.705123772608107546e-01
1.600630743990222662e-02 1.208766971762677139e-01
2.040828658721433476e-03 5.226477377170292817e-04
9.980092069223161361e-03 -2.100355018433924890e-04
7.298517160231855587e-03 -4.063915631242961957e-04
1.940105581763613323e-03 -8.216563163081525576e-04
3.682342022579545779e-03 -2.322864738880512508e-02
2.168966508649226507e-03 -1.596640214068595354e-02
2.259600110123961662e-03 -1.436842511057130969e-02
1.119747632323635494e-04 9.662670750640220928e-04
7.878231900286039591e-03 -6.057892687056709580e-02
3.923563551199215314e-03 -3.012467765545150458e-02
1.213733177548048311e-02 -9.244474034344105084e-02
3.092263497414013233e-03 -2.295142126344098046e-02
1.534584942791602201e-02 9.623070836477535736e-04
1.315540223028699050e-03 9.863159653346869477e-03
1.765180029476897880e-02 1.307277088788579844e-01
6.155646865705579132e-03 -3.741147767789934631e-02
8.249684729656193288e-03 6.378507350437194467e-02
1.274541808138263035e-03 -5.288640637786418564e-04
8.762476950232838541e-03 6.637656161056253168e-02
1.524149659480808321e-02 1.060761833746353550e-01
5.164468880226265324e-03 -4.101849159856830324e-02
2.148305477354307651e-03 -1.536332436294027097e-02
1.758440574673243240e-03 -1.242886354699298743e-02
3.137985892098617887e-03 -2.370693886124710173e-02
1.706228119839467081e-02 -1.304108269165683842e-01
1.611079056965144390e-02 -1.234930005122226726e-01
2.288213875098690873e-03 -1.013430070936191009e-02
9.536187938302178799e-03 7.316439761312791557e-02
2.083933461584983396e-03 7.868968368108161804e-02
1.725587207641339840e-02 1.326411692489707361e-01
8.592124062869580664e-03 -6.486607468995748971e-02
2.529075502649447225e-03 -1.209789998566425037e-02
8.019272718985425916e-03 -6.091577762551438763e-02
4.272270913113460598e-03 3.318650372422837086e-02
1.393605406358677844e-03 -1.917810007969698212e-06
4.042222917373152966e-03 8.366040046503054380e-04
8.094911997194684239e-03 6.087693551859199581e-02
7.334653445368883272e-03 7.747974404280588701e-02
2.769409661700138713e-03 8.554477872473406240e-04
2.063558030924038129e-03 -6.534986044772733271e-04
4.482258262465898223e-03 5.333111903973473955e-02
2.043808466447662436e-03 -5.433051029320577372e-04
6.462573579684403879e-03 4.955224169330232908e-02
1.019269560730240616e-02 -7.826572808886560206e-02
1.084349045725972217e-02 -8.233282043754185098e-02
9.916683340700626487e-03 -4.484642730009952283e-02
2.416904420214941937e-03 9.060813722325285549e-03
3.507557182166433970e-04 -4.653298269711335020e-04
8.761500785135123773e-03 6.644759783119201513e-02
2.373776949405782474e-03 -1.735877723090226143e-02
1.733489993381412452e-03 4.978235582306667420e-03
1.535787506534150651e-02 -1.171075103291987773e-01
