0.000000000000000000e+00 0.000000000000000000e+00
2.797036159189399476e-02 -1.646697347587035287e-01
1.137477863491312760e-02 -6.372374137899168567e-02
1.141213942466267825e-02 -1.868259250068075611e-05
2.224665370279117066e-03 -1.921174407788199076e-05
1.212824048655206446e-02 3.652216760895216074e-02
1.273229016526497906e-02 5.712147620100561062e-03
2.076228020599939911e-02 6.887395604653012704e-02
1.280959051742989151e-02 -6.710992058153811019e-04
9.010528562561048380e-03 -6.784758853547494524e-06
1.262619372872466998e-02 -9.371033085406517416e-02
1.236910395905945273e-02 -9.029354733818981127e-02
1.168450368098578572e-02 -8.834595881957627017e-02
3.750108894293380235e-02 6.373906214315035266e-04
3.352968309276911640e-02 2.081929145022348021e-03
2.091378935657681529e-02 1.532110655376911768e-01
1.210455784123086291e-02 6.894383205513911206e-02
5.212628072890348671e-03 2.594331512145129108e-04
1.348409286511106746e-02 -6.764036206889392734e-04
1.651034364161231907e-02 -7.108503231073135410e-04
1.276468839370375856e-02 1.999456614130249235e-02
8.857897243755109840e-03 5.833869697326032194e-02
9.313952890300165530e-03 -1.161398181084829161e-04
1.450765973035066797e-02 -9.819986703366193059e-02
1.078298300234200799e-02 -3.966431567848638373e-02
5.515498329619202781e-04 2.133801903879498649e-05
1.053833966752999035e-02 5.144579592698493575e-02
7.816017831926988860e-03 -5.540654180335180534e-02
4.483682844510007183e-03 2.507548474997214893e-02
2.929858230013994858e-03 1.709614022738869090e-04
5.743489995805124183e-03 4.141084724235495618e-02
1.590014763102663362e-02 8.878084811741311644e-02
4.190506368454934190e-03 -3.257504068568184419e-02
6.976793521867820022e-03 5.643337026143847163e-02
1.249844872764155346e-02 -9.675284053703996079e-02
8.392909396545846987e-03 6.139737961330875293e-02
1.037408721729119257e-03 -1.099308742356955000e-04
4.804421897768717674e-04 1.274323849925736781e-04
1.027635806295939223e-02 -7.768717816805097154e-02
4.410803082932019357e-03 2.816111824068327080e-02
6.665816758622872609e-03 4.658880169491320250e-02
5.655028729737429649e-03 3.677633582357989206e-02
8.459613626470192937e-03 5.571143704629316629e-02
9.944096881175834915e-03 3.668157830871287693e-04
3.138799351362175308e-03 -1.026004017001519398e-03
7.097859210918043213e-03 -2.726013227491582563e-02
4.652802928360833673e-03 2.558739937591431382e-02
5.018525034484281992e-03 2.732552814756582238e-02
1.370890963330209482e-02 -1.051528528979264326e-01
1.221845276375708306e-02 -8.699264886851761081e-02
1.016816047800606776e-02 -7.725140524121465457e-02
6.334424039686628941e-03 -2.269674946576979039e-05
1.675105592777948252e-02 1.038313795974654804e-03
2.367699952879497374e-02 1.067695958084546870e-01
7.682917209167936488e-03 8.872970436977743736e-02
1.181495979906972867e-02 -4.101111326532280027e-02
2.612525567211882588e-02 -7.394481812006065136e-02
1.128477063838939295e-02 -8.327534564963164077e-02
1.364515574585434786e-02 -1.028090156006093159e-01
1.741239484981693328e-02 1.256571742805550895e-01
1.943521957491744015e-02 1.481586235324320600e-01
1.299475590385947878e-02 7.947430553024775399e-04
3.888084803242749642e-04 6.058745709773031714e-06
1.083642230240601176e-02 1.231538984029189633e-03
1.166706444487618753e-02 3.810369252683607193e-03
1.165084268931228240e-02 -8.930838773887064819e-02
7.593514729269758290e-03 4.091456451163456853e-02
8.781802554553961790e-03 -6.324941278858128846e-02
1.126157272373321666e-02 -6.067161699473476444e-02
1.072005200494402857e-02 8.055740415545666055e-02
3.742253362660012336e-03 -2.697426388408355122e-02
5.443703129734662506e-03 -2.168625883276289676e-02
6.492484132069676998e-03 -9.951038211862991284e-03
1.242922926291089789e-02 5.380410573804074535e-04
7.656253680193255036e-03 -5.594628292011218779e-02
1.383916690831277913e-02 1.042278931970946759e-01
1.215413136257138121e-02 9.096586079813386017e-02
9.048310990637464801e-03 6.071321431874933394e-02
1.647016212127491719e-02 -7.511891995274925984e-04
2.269847723668293876e-03 -1.253257537239935073e-03
1.636226622228802163e-02 -4.704573368815800579e-04
1.701132466036540947e-02 -1.278544621283347893e-01
1.379063875267631974e-02 -9.712891978398398296e-02
7.760639441306453785e-03 7.979041483646052112e-04
1.354379293046887103e-02 9.749143508927032853e-02
7.162241518241141587e-03 -5.256372385960518534e-02
6.672068287824494889e-03 -4.746454860206059112e-02
1.913072205431977021e-02 -4.051710964206467480e-02
1.857987076537022733e-02 5.979430534692743411e-04
7.433785704761640585e-03 4.900734273497329291e-02
1.658944841806726800e-02 3.404664811993280945e-04
9.939222766404822579e-03 2.630006909498236651e-04
8.892736777853564589e-03 -3.982349733181671236e-02
2.088779121777779944e-03 7.083029855423363455e-03
5.361303416563696286e-03 4.072179850019253672e-02
1.052585891849767107e-02 7.233463462896908003e-02
8.497410849876364108e-03 -1.102491725975621346e-02
3.671519509995704346e-03 2.738960120441915475e-02
9.558581387722697720e-03 2.442372564428990991e-02
4.473788670378241010e-03 1.603225908748451972e-02
6.103183967020571997e-03 4.356044895058890781e-02
5.708043187025712943e-03 -4.234137592226415447e-02
3.131848421368532524e-03 2.172145277733946583e-02
1.228546838984545357e-02 -9.214581350142268812e-02
1.448402967478850008e-02 -1.117151423568125690e-01
1.070962891643411838e-02 -8.071791921740475995e-02
2.275400450750677747e-02 5.704954334664834835e-04
2.608883255826428826e-02 6.407436984528053995e-04
1.721213349137845974e-02 5.476559801252572739e-03
1.508079890669770246e-02 1.110123419548242202e-01
2.284951294337486671e-02 1.685918288809587495e-01
9.878528072820367059e-03 6.863872234628914937e-02
2.361189727660651869e-03 -1.322284636985524876e-02
1.571221326581341213e-02 -1.204181203289348412e-01
1.554346148449376429e-02 -9.900542831926514853e-02
1.163835788739165690e-02 8.775483238441979250e-02
2.021088713532685419e-02 1.494256759403260748e-01
3.086755651807641335e-03 -1.746564598591014321e-06
1.451734333360798351e-02 9.778225241147385505e-02
6.963111971756193869e-03 -4.775299597618650610e-02
1.895140646010148519e-02 -1.435225814531667643e-01
2.672394860347857438e-03 1.599843034372432082e-02
1.378705680862277877e-02 2.550605277341658553e-02
1.091944240839947365e-02 7.276874080751777329e-02
1.009561944637439937e-02 6.911705998890152469e-02
8.005694939470052798e-03 -5.698546317836893776e-02
2.881767493605342286e-03 -3.542578062223866904e-03
1.726169215426116843e-02 7.120678938560723314e-02
1.094221545892803266e-02 -8.060358326993188882e-02
1.161517535336776749e-02 -7.586317887651618241e-02
1.857796385236004655e-02 -1.292445895564431901e-01
4.763812725524057580e-03 -2.327408765804257675e-03
7.959465089096786142e-03 -9.740763601503361381e-04
1.082872162567956667e-02 8.124332123574193321e-02
6.826280046290478937e-03 -5.976533473855436679e-03
8.653035546312677281e-03 1.340476572767919095e-01
3.720694100199116450e-03 2.487195289554340952e-02
8.778218190145242392e-03 -5.164380244595785999e-03
2.761443127779895207e-04 -6.317163161327844952e-04
3.301739003044986288e-03 1.077430853902612042e-02
5.290764867687266322e-04 -1.864679361004416627e-02
1.350580307985640126e-02 7.125173808428142408e-02
1.333430023664022857e-02 -1.133085520049489647e-01
1.272939588631221385e-02 -1.152346054779679191e-01
7.058113659414078436e-03 5.420859762096244538e-02
4.941751116055210884e-03 2.811836925498486031e-02
1.408700988322822423e-02 1.059535055349934835e-01
1.922239195628750244e-02 -6.677290535246568903e-02
2.060964339652276555e-03 -4.894382832563324778e-04
1.099604329062364889e-02 -7.774280725645510426e-02
6.744065033630996034e-03 9.935658291294847608e-03
8.257849037787527713e-03 -1.939341082905672239e-02
5.465348742086041135e-03 -2.373900254202824731e-02
2.034995744100888751e-02 -7.804776603511914953e-04
5.179736375805256594e-03 3.712779960528719142e-02
1.114459562592297857e-02 8.268382944323969530e-02
7.262900801076571482e-03 -3.594851521794253024e-05
6.312972279466474296e-03 -3.668498562045244184e-04
3.166841527986743315e-02 -4.283889242572344190e-04
8.426158811856315767e-02 -1.546437402403399075e-04
8.592638821447715070e-03 -4.319861586022426952e-02
5.907507648892063555e-03 -4.161023555204260843e-02
8.605702519720963978e-03 6.392006669880347103e-02
3.631919533352345741e-03 -1.006806153429739420e-02
1.080370791828340511e-02 -8.102439277953328578e-02
7.861678619659645192e-03 -5.886858379569255562e-02
5.648345022361918669e-03 4.147088724822394629e-02
2.341918710838806345e-03 8.732482188965032602e-03
2.011981915883051617e-03 5.153005217466181780e-03
1.147142842180876032e-02 -8.700610132231909044e-02
3.654699561013968322e-03 5.865091236563617361e-02
5.620996557283538392e-03 4.109883463498561346e-02
2.953937459789748171e-03 1.601416120004279728e-02
1.126296356692257396e-02 7.801830898161950245e-03
1.542710941622938564e-03 -1.499302002052407586e-05
9.494441644826399906e-03 -7.111777529999530056e-02
1.352830066833187427e-02 -3.584671387392664898e-05
1.318669061425303650e-02 -4.219120594488936992e-06
1.411814279532054225e-02 -4.292104923434116037e-02
6.705394081040436452e-03 -2.842091312287164939e-02
3.734688461729880789e-03 2.370807094277294427e-02
2.034356967617880971e-02 1.492866094332679083e-01
1.337308904616347875e-02 9.964674440966442281e-02
6.642838626592092316e-03 8.910194703316982531e-03
6.931870430614689438e-03 -5.382335738251060875e-02
2.651667650917421439e-03 -1.704845845373824734e-02
1.597200965280883359e-02 -1.216033918999655516e-01
1.861566162955949344e-02 -3.389525896516608350e-03
1.458846687280667548e-02 -1.122754778441854284e-01
6.545168857470424172e-03 3.473830388874128662e-04
5.908079820825654083e-03 -4.408310944387374558e-02
1.696443684601153107e-02 1.942604605194498584e-03
8.549352363583452921e-03 6.379877877533547681e-02
1.560057844773757828e-02 1.021793415381145320e-01
1.693524722911990410e-02 1.240281219335017254e-01
4.915592521617034383e-04 -1.026099630288836249e-03
1.818146744023488304e-02 8.799864042941102360e-02
8.946883036245644599e-03 1.919879424770005831e-03
1.770388631206577801e-02 -1.418376256793636991e-01
2.020685206975957396e-02 -1.549921628505099291e-01
9.989631062971271111e-03 -7.671288124139079290e-02
4.938228291669120515e-03 3.455585665185340744e-02
2.879525802634800170e-04 1.704633659817866506e-02
1.147113751543366381e-02 1.346068036197828610e-01
6.137786451070842246e-03 -1.184198402616615381e-01
1.352148948904801804e-03 -1.044100777541862902e-02
1.015777766825112262e-02 7.462643697774271057e-02
1.024315202221661759e-03 -5.607062461129399319e-04
2.037682525859590109e-03 -1.700320023298082170e-02
1.236481283612930748e-02 9.430860795513427985e-02
7.391280010627917021e-05 8.684525964503754438e-04
1.172125672735512469e-03 3.261650579700505620e-02
1.339254532309908617e-03 8.472274048406457786e-03
2.008359341468166168e-03 9.168361838180609860e-03
4.027435364409745651e-03 1.250214279894308785e-02
4.035039367832499516e-03 1.479435834507823906e-02
5.990323113996220972e-03 -4.253750608290894630e-02
6.068401280784758468e-03 -4.380469096978503729e-02
8.628884770287495107e-03 -6.486549155325775640e-02
7.519966748586595813e-03 -4.713866945549040344e-02
7.749084940589849547e-04 -6.558428080163076308e-04
1.146229077578638823e-02 8.143664603759175058e-02
1.621792723369803882e-03 -1.044474616550882711e-03
5.414198251914560884e-04 6.679563818624658419e-04
3.178375075228098007e-02 1.198068399143672053e-01
8.624425240678907159e-03 6.212956687789936844e-02
1.126257323735275866e-02 -8.389403840359424547e-02
2.071806519878397965e-02 -1.496964103802044532e-01
1.010148328138615447e-03 -7.932510232875698147e-04
4.179551338700543406e-03 1.286735277305711168e-02
3.712177769007739530e-03 -2.864046550270380256e-02
1.606367820435016186e-03 -1.319389449186741644e-03
7.320025238404036065e-03 5.321855595230121083e-02
9.724526089455738653e-03 5.788910419925492185e-02
5.002100344900244425e-03 -3.915793362926931614e-02
1.844628106201711901e-02 -1.372782147732339864e-01
2.565806598692132231e-03 -1.461792722892167259e-02
1.923580753407100677e-02 1.221077846496404218e-01
1.888286078740698815e-02 1.425268250910446954e-01
8.542359612790735926e-03 -4.407490352251813154e-02
1.110171495682685944e-02 8.337617616179571201e-02
1.074200313600848743e-02 -5.721996878833356115e-02
8.895735078232245435e-03 -6.478334586159280317e-02
1.565641836721685595e-02 -1.180209452424341721e-01
8.786605288963524399e-03 -6.016665091474403954e-02
8.853505043912289832e-03 -6.023636383461888899e-02
1.199984442023765800e-02 1.231371148733061876e-03
2.606615631304927752e-02 1.575060176638031773e-01
1.795507812613960155e-02 1.308183677795940469e-01
1.071881086024983019e-02 8.006796960409803821e-02
2.619459393973568376e-02 -1.104208452937581290e-03
1.281150055756120898e-02 -8.636490869810577176e-02
1.169513506660202137e-02 7.631722838197343983e-02
4.251878130781622245e-03 -3.103249058005608241e-02
1.724989966080975323e-02 5.490780392265487420e-02
3.074102429305060682e-03 -5.024504923318258605e-03
2.924824561984795419e-03 7.706990857379950391e-03
1.138549414698800675e-03 4.328023217598643384e-04
1.044764067174132338e-02 2.867567739701221835e-02
1.200500001354623883e-02 -1.671224056447690245e-02
1.739308037611338523e-02 -1.293963800504215889e-01
7.790596245011866157e-03 -5.458553975891553001e-02
1.018430332696072110e-02 -1.499726372289353154e-04
1.361923332269601890e-02 7.123161887762234417e-04
2.316176261444937226e-02 6.397176903537299527e-05
6.138175872977175845e-03 -4.447529874392078253e-02
2.320336488157151086e-03 8.555366335315849969e-04
8.685266360219259449e-03 4.213522638285922134e-02
3.455095144454526507e-03 5.276061555560429550e-02
1.763270830548420431e-02 -4.533347929437373490e-03
7.767913242228887544e-03 -3.322291373993307290e-02
2.003606639336969614e-02 1.557939893228333095e-01
7.332850946865855819e-03 2.798131775051182143e-02
1.010364197894617413e-02 -2.986653337729594862e-03
1.652789227438668934e-02 -2.879536089119622737e-04
2.068600540778512895e-02 -1.647951084759582881e-06
1.819327591174621853e-02 -3.846891454382501963e-02
9.228990634166021195e-03 -7.115627717637253158e-02
7.442484139908518009e-03 5.533478228772456542e-02
2.899542230036801418e-03 6.234607070104028134e-03
1.079692032503952589e-03 1.052507502150939328e-02
2.769986110490145134e-03 1.351216307088872436e-02
2.960320643706656346e-02 -3.016199355746739799e-04
5.531451201970307395e-03 2.631354875296965101e-02
1.034475633821846374e-02 -8.353302999585836470e-05
4.606373298790447657e-03 -5.448287891598958734e-04
3.170971168996189471e-02 -9.644453802702068973e-04
8.909697504159617976e-03 6.620634532517266635e-02
7.954671399733935586e-04 1.899221492903868311e-04
7.437256332529668459e-03 -7.115011026762471874e-04
1.126871242021954163e-02 -1.036661877128936243e-03
4.836234898565260412e-03 -7.350469442991312352e-04
1.547853185250804573e-03 1.216435101022498829e-04
5.660448252067601382e-03 -8.909706051375719310e-04
4.030946764502669165e-03 -6.304554120708164141e-04
6.788299208788870984e-03 5.152480217804819573e-02
3.897766491685407658e-03 -8.973818775008230277e-04
3.080679425669244353e-02 -8.268424856267052401e-04
1.077083788957217993e-02 -4.555235406450811736e-02
2.601236722888442075e-03 -1.382235408690280984e-02
1.424626963238253760e-02 -1.055727886508675550e-01
9.072538193245075974e-03 -6.766918164133002567e-02
1.518439826232904737e-02 1.137363501012586819e-01
7.250427381633228752e-03 3.735627891893501112e-02
1.087987222735510226e-02 -8.129188384411124846e-02
1.384635232945987532e-03 2.961829994455194323e-04
5.049604492203175858e-03 2.482210227956526370e-03
9.172593625529070968e-03 6.758440349610263242e-02
9.012631765406285342e-03 6.699310503383068549e-02
1.968032887028245415e-02 -1.487001938858212025e-01
4.151583848262100675e-03 -2.347906543744899405e-02
5.846889374110748536e-03 -4.373044998394903793e-02
1.034237138402748987e-02 7.677308897423804068e-02
1.659502314567924339e-02 -1.247763201635570390e-01
1.710475355109778578e-02 -8.656796887163008269e-02
5.575214778112110112e-04 -2.969877941959333232e-04
2.325148746975547187e-02 1.359310007392263851e-04
2.238017340140031897e-02 -1.290892750090989185e-04
8.610136976988612412e-03 4.935132399289676036e-02
1.006006064146330349e-02 7.196944543898353697e-02
1.551032946116974974e-02 1.138562168888488935e-01
8.366715992469544311e-03 4.207797158309487667e-02
3.138171645662250157e-03 2.925633621084406419e-04
1.502980634759251873e-02 -4.428289214423290071e-02
1.203532974475539363e-02 -8.477881475516965692e-02
9.842524222377862717e-03 7.212101705749181246e-02
1.393389487028669433e-03 8.081368725024408797e-03
9.585421621038248824e-03 -5.756060801283927053e-02
6.514157298922069843e-03 4.380681465504039640e-02
9.449387152320449720e-03 -6.832587366588044331e-02
7.626490770080049733e-03 5.641432764751784512e-02
9.022712288156887681e-03 6.616110262007861287e-02
1.454596495747155493e-02 -1.021369692618732949e-01
1.465525748809055721e-02 1.132074995939131995e-01
5.863074519742777699e-03 4.432359615955143439e-02
1.220346130222011230e-02 -9.064339531999866806e-02
1.620743306590634314e-02 -9.199758360659884490e-03
3.029426915006620379e-03 8.779527549270924394e-03
7.238412177741094036e-03 5.055051955855544704e-02
4.176829412340177586e-03 -1.519093218467015838e-02
9.171557764393600820e-03 6.406987106367328932e-02
1.320933005145079287e-03 1.455786911913103986e-04
4.319893057184987211e-04 5.829840040411142049e-05
4.668511503409050745e-03 7.679267326153220788e-04
8.236505972914698326e-03 -1.040422155832348115e-02
9.465536079141884107e-03 -5.239430111268089142e-03
8.834896122110955097e-03 6.523215816879274209e-02
3.306067278154138926e-04 1.671520192078131736e-03
1.121450127425882961e-03 7.940664960106815287e-03
1.206007226739131029e-02 -1.783992795709966189e-02
1.579226846034800097e-02 -1.201564480660741591e-01
1.492368415689644158e-03 -7.226105199206918350e-03
1.436728842886627992e-02 -1.099673100271533616e-01
1.011137454917537815e-02 -8.216596691660767995e-04
1.324779343068982485e-02 1.236345892007518165e-04
5.963044007668982446e-03 -4.594659385249341699e-02
2.118017284811428771e-02 -3.570609136230931246e-03
8.775108967611102567e-03 6.618895755826892380e-02
1.519813015409531357e-02 1.158772825152950547e-01
5.463866565824791917e-03 4.173892218303079660e-02
2.239620503841411193e-03 -2.042321552413756548e-04
1.202098770894330718e-02 -1.475211779786643647e-02
4.605527762037861517e-03 -3.510757942814664301e-02
4.188540157377731651e-03 3.130877850341132890e-02
1.068905658796849741e-03 -7.894876394144385856e-03
1.536449097750758070e-03 -1.086199727287937532e-02
8.207584922851273238e-03 -6.291396833765217078e-02
3.376195719409953288e-03 -2.623077254723997151e-02
7.514389603287657251e-04 -6.103360380508749891e-03
4.741102155207503610e-05 -2.086839766879472686e-04
1.768201661872694300e-02 1.271324571450501151e-01
1.111358931663039042e-02 8.518028170251455700e-02
3.659571800603960215e-03 -1.828135320236574284e-03
1.010585877011163820e-02 -7.302290628688869190e-02
6.129816174770658620e-03 -4.746114678737690246e-02
2.987691814064073314e-03 -2.349323629847220249e-02
8.586698942544929505e-03 -6.340057320776529282e-02
1.093079978352680046e-02 6.349026134846207092e-02
6.041117976701510829e-03 4.503541812906361463e-02
1.450733440444620763e-02 1.118134888434677149e-01
1.597444333421012318e-03 1.250414837033627519e-02
1.492976861047715098e-02 -1.128319559152202028e-01
4.665367132100198960e-03 -3.466099119325363742e-02
5.268852386251754623e-03 9.166874852241209404e-02
8.710065700848231354e-03 -1.132920376203482571e-01
1.293101779327417850e-02 1.168504279351579161e-01
8.467812942420728821e-04 5.924216182241528322e-02
7.179098690613257630e-03 1.078405139425858972e-01
1.888698968339312396e-04 -8.730756397291771420e-04
1.621966441365445960e-02 -1.240160589451554246e-01
9.403446129848903531e-03 -6.910593967747931388e-02
2.035941482566911917e-02 -1.564234455038170934e-01
2.861490999901760909e-02 -1.366522166306454455e-01
8.248272959957088282e-04 7.850091584595033853e-03
9.830474350569606834e-03 7.378358190855481558e-02
1.811860411762719267e-02 1.346967685771043866e-01
1.028891852719480277e-02 5.665672902227571889e-02
7.845758386937852838e-03 4.725860861585836487e-02
8.047472214407158653e-03 -5.895022681719062213e-02
3.276684009083326993e-02 -7.601846869595915712e-02
2.480382905924041238e-03 4.458044102466121074e-03
3.529610919932364525e-03 -7.219042401138084803e-06
3.946705694083930960e-03 -2.797299493955086869e-02
1.300372669037924700e-02 9.822448765342664534e-02
1.742475533329084988e-02 1.327344255029482278e-01
4.572659044433573759e-03 1.563838945708433424e-05
1.249630203131947559e-02 -9.086599564976596821e-02
8.936160587191500568e-03 6.766291066116346398e-02
9.014104738351609233e-03 6.783696470577690874e-02
2.148097000860121723e-03 -7.259426789371721880e-03
5.135782278627454636e-03 -3.612487749325998809e-02
1.032839665942291048e-02 -7.801708968291658219e-02
1.270847665011281928e-02 -8.790164908416046863e-02
1.541283079699081598e-02 -1.141199542178303189e-01
3.989377876810913486e-03 -2.540541121037401609e-02
4.492110225411982162e-03 -3.403141695698155833e-02
1.033466090003745848e-02 -7.628435269013830733e-02
1.988856678605275055e-03 2.734054941773245520e-04
1.210606136949708179e-02 7.106560909743664346e-04
2.396305446715049983e-02 8.535437122116980302e-02
5.962006476916158204e-03 3.861531393478823126e-02
2.329382607734612615e-02 1.280308856909641302e-01
1.022032835040032409e-02 7.224364023318795291e-02
1.092406682341709803e-02 -4.495815428900658056e-04
1.976399475504289800e-03 -9.898872175494539873e-04
4.425896517740672727e-03 2.635828297896461447e-02
1.015620383442815237e-02 -7.425505270142809811e-04
7.469888808089128647e-03 -4.703576285333146978e-02
5.248383968892460748e-03 3.916468353932379270e-02
8.751832118592803300e-03 6.431806681370445811e-02
1.221218747721311733e-02 -8.986421771813585127e-04
5.065436313346850621e-03 -8.692838828035611472e-04
1.951779303631095974e-02 -1.474021692145546236e-01
4.011845875682526485e-03 -2.878342084844973461e-02
5.642455607362781810e-03 8.991085344481595382e-03
5.274917827631831618e-03 3.766499288795456535e-02
8.340657515525339016e-03 -5.726636908048988311e-02
1.828330698306723096e-02 1.188329812573568067e-01
7.412050674595937159e-03 5.418909432474704191e-02
3.979288696516453117e-03 2.575909961726138495e-02
1.490926491616213941e-03 1.073768055804594224e-02
1.638363793992002673e-02 -9.273811723046794661e-05
1.923083795853587283e-02 -1.374470810199496795e-01
5.454596297708719363e-04 -2.002648128490424348e-04
5.543606450857750841e-03 4.111243952572543603e-02
1.137468515344697804e-02 -8.508732596783753765e-02
7.546610516776798257e-04 -5.500898094391953018e-05
1.857061237121201275e-02 -6.330507907025880593e-04
1.082271588379024423e-02 4.647607965404727294e-04
1.883392907642087236e-02 5.772807120373096092e-05
5.338897511263644702e-03 -7.024853278129743368e-03
8.351893141496485526e-03 6.179295465061777209e-02
5.049313686405963904e-03 -3.801987683031637227e-02
3.460424249106743184e-03 2.093738426281288936e-02
8.662631967814353462e-03 -6.617395529747648053e-02
7.981569178196708247e-03 -5.782418201696777615e-02
1.899895580012403093e-02 1.442241249224374411e-01
2.335158682422095334e-03 -5.816374138373802457e-04
7.331692359645715449e-04 -2.467043778137617636e-03
7.614591847700258494e-03 5.075460622331652571e-02
3.878901104643433378e-03 2.626841835616231316e-02
2.078717151744161832e-03 1.269026925748075255e-02
5.262146284421059285e-03 -1.900195749727621661e-02
9.648929358750932272e-03 -7.274129672840584648e-02
6.753766125897328609e-03 -5.157830840255382687e-02
2.547628989143337140e-04 2.942606796227272004e-04
1.075162988788880628e-02 -1.276635808222168801e-02
7.656404904024169226e-03 4.250849961834267626e-05
1.404971135790214834e-02 9.824975572011659941e-02
1.181698602756136099e-02 8.945177776621135446e-02
9.008277070044274498e-03 6.537053548343509102e-02
5.025945500962047431e-03 2.180005280461078294e-04
3.749415687057550475e-03 -8.466076714286421302e-05
2.564707773454716344e-03 1.587544281953287562e-02
1.039001911918048006e-02 -9.366480422618514835e-05
1.922180112047425574e-02 -1.458719034857665908e-01
1.861138723462032671e-02 -1.318191709653536159e-01
2.015477435651035973e-02 -1.278473337009082122e-04
1.303340590170189335e-02 1.777068822473858742e-04
5.303273893965156950e-03 -4.051910627312840796e-02
2.580683849423381915e-02 9.455685060819409319e-04
1.928730830220666201e-02 1.466965194777999915e-01
1.754590886171300199e-02 1.320956190676818576e-01
2.349259093386305008e-02 8.221232744788100309e-05
2.474176354242493825e-02 -1.005457181535572564e-03
9.357243065316033295e-03 -7.378845149179306256e-04
4.594865354457964776e-03 -1.076348434116420521e-03
3.127969284482601947e-03 -8.625186230185991109e-04
1.261222184023417722e-02 -9.684438045688868735e-02
1.679142930883724405e-02 -1.104045791957160849e-01
9.705461566715476926e-03 -7.457222542126323850e-02
1.580045558270287351e-02 -4.141745691941789431e-02
1.516424662316513509e-02 1.171784922003738655e-01
1.607104582152882669e-02 1.180703717805451497e-01
1.449649589160243281e-03 5.690416654887296526e-03
2.315715304622734030e-03 -1.488718830307636867e-02
9.414381179674712052e-03 -1.201615243960805213e-01
2.153608309066613012e-03 -1.479551488659607093e-03
7.703792808106399610e-03 -2.612482622801519188e-04
8.225609562450917484e-03 5.916232417156722101e-02
5.946115306326889283e-03 4.502542290803245029e-02
1.168554112599625924e-02 -8.912917400709605142e-02
5.596412396918126666e-04 6.211070092680409530e-04
3.111543625906139018e-03 4.460761936800621170e-04
5.983629107757779120e-03 -1.569441258149437135e-03
1.396971785747709582e-02 1.066512456801002179e-01
1.180858937697215963e-02 8.854985467811528344e-02
1.771366403040370305e-03 -2.196624717549509713e-03
9.243332995527523202e-03 -7.001176849870573149e-02
1.158985937183917240e-03 -2.269948339318089182e-03
8.196710685349196945e-03 -4.120117591386070199e-02
3.520384979679492144e-03 -2.104295467599219885e-02
3.391090188639087240e-03 -1.279033096596891649e-05
8.885790668566914685e-03 4.238281013695779226e-02
1.304425812419699425e-02 7.347290057786433348e-02
7.070015226399531741e-03 -4.900293913884044839e-02
1.347247291766658778e-03 -9.415973290624095543e-04
1.575051352192773091e-02 1.190562153945796120e-01
9.668766738128478991e-03 7.321543826005903755e-02
8.798967517239162511e-03 -5.989897566958825997e-02
1.866819151856975723e-02 -1.398637603851568267e-01
1.731338282969376377e-02 -1.240624746858718375e-01
8.527637649765322514e-03 6.370432898325936732e-02
1.242385510682432297e-02 9.040359905429953824e-02
5.461354172280361713e-03 4.009106863527240466e-02
1.399479560088581417e-02 1.022513103543379043e-01
6.715659181403698177e-03 -4.509203797715835571e-02
1.743298700956213759e-03 -4.746845804162877318e-03
5.750988625637037249e-03 3.520745390802541147e-02
1.042802995110403246e-02 -7.768693611196493543e-02
3.485596205268152829e-03 -4.962054875580343069e-04
1.412358947466156589e-02 -1.061943274805274146e-01
8.235725944323831968e-03 -5.146717650092964141e-02
5.440345092040206262e-03 -2.681713425396660758e-02
9.596854026229977106e-04 2.213011960495134300e-04
1.796884894093197030e-02 1.358335870296231707e-01
2.041187470975437679e-02 1.559474955962737441e-01
8.858053733893648390e-03 -6.411964814695148007e-02
4.677452967069468254e-02 -1.021752556694156128e-01
9.882707747500794893e-04 8.691954516561911951e-04
3.715411224906710504e-03 1.206757622384408909e-02
4.285373303581894305e-03 -2.931093599666761279e-02
5.670085122064119285e-03 -4.063992451341252171e-02
1.177957705423278781e-02 -8.694208065813166519e-02
5.487978625297013947e-03 -1.734319040912456753e-04
2.495639472875968087e-02 6.268431100843295176e-03
1.337657419335005343e-02 9.865618857179368761e-02
1.206692957946955969e-02 8.192088709292129345e-02
7.053542354875265560e-04 -1.581511174190229139e-05
1.786848746715605923e-02 -3.094661330989588238e-04
1.086292061105712664e-02 -2.705316088926302057e-02
2.802751877452118370e-03 -1.996431500769160067e-02
1.793716211669990970e-02 1.348521824533341906e-01
1.392289765275582600e-03 1.447329824256759004e-03
9.069911802476498391e-03 -6.748100864478520492e-05
1.099993037892880131e-02 -3.561527710344099311e-05
1.057828479681019451e-02 -6.468438387950048440e-02
7.376570323516150329e-03 5.538955356972716931e-02
7.792020933180419419e-03 -5.632906948483850512e-02
1.787573109563077994e-02 -6.374956508232072772e-02
8.510271150505149818e-03 -1.081114517551848590e-03
3.800535813124631714e-03 3.071509810612394961e-02
7.383155697338954562e-03 4.222541421114506949e-02
1.160169258238892553e-02 -9.084705218679192673e-02
9.301514580439228241e-03 -7.157637089242673001e-02
2.158291574025224605e-03 4.065395834096260886e-04
8.549560316263832283e-03 -6.600853494902865493e-02
8.602356415877460312e-04 4.529627055444493660e-04
5.423002015509745082e-03 -4.029208089658330855e-02
1.249559619897340837e-02 -8.239534149549113118e-02
4.507516328313508798e-03 3.398558926484868126e-02
2.109309574141860974e-02 1.586834015621014504e-01
2.118456695632445208e-02 1.470811438042020081e-01
3.698755035351941611e-03 4.997658159425540786e-02
5.303097793424501119e-03 3.553457000835973795e-02
5.862235588588263560e-03 -2.654334028986218841e-02
3.975892063940001699e-03 -1.338675169529474421e-02
1.866792284713873285e-03 -1.635110952735018431e-04
2.539479235134225327e-03 -5.849024551438540206e-04
4.010917137817497993e-03 -2.968758663628593905e-02
7.573169425206084139e-03 -7.822395862623504614e-02
9.205449198002509451e-03 -9.697712126616035710e-02
6.427828608445754731e-03 4.878880694383987138e-02
9.237963451763186833e-04 -8.466557206166773096e-04
6.923474829412790826e-03 -5.129756562227178601e-02
8.327169048100047100e-03 -6.382652171187806756e-02
1.613889253078383199e-02 1.174412705027900045e-01
1.578611192442815753e-02 1.116313274474557971e-01
5.713498081985034227e-03 -2.263271591387474441e-02
5.113483042249975484e-03 3.073301000457181326e-02
1.520106786658528483e-02 -8.585913139771771769e-04
2.058002058984560040e-02 -9.420001715258785905e-04
1.366907034274334560e-03 -1.009488596957834979e-05
7.645471962015562735e-03 -5.687505323654683947e-02
5.279146566351531830e-03 -3.975774495148002435e-02
5.093672212190311806e-03 -3.487310792938890652e-02
1.067164623237236952e-02 -7.494908393236889010e-02
1.659400953212589874e-02 -1.030403125980556139e-01
1.838841343686873579e-03 -1.011343217585542430e-02
1.828175388533465062e-02 1.388051243302191595e-01
1.047221892897765884e-02 7.575585228204971544e-02
1.671087285169658857e-03 -2.032891925732340226e-04
2.892913670704815032e-03 1.504040604450808220e-02
1.597720829370750939e-02 -2.688626195198496119e-02
8.684407416727189105e-03 1.747375933675185400e-02
1.514560084848604223e-02 1.139424844796177033e-01
9.357853976046111300e-03 -8.588025047679202599e-04
1.616016954646078141e-02 -6.413577156103013321e-02
6.401191144849101983e-03 4.131372247718893831e-02
1.701257149875657834e-02 -1.214868806144539376e-01
1.148686031926973543e-02 7.041274998105664235e-03
2.370451566521517613e-03 1.367168572363857207e-02
4.256039757123633409e-03 -2.009639432654333063e-02
8.655126368094677100e-03 -5.538316857859450215e-02
4.020074047935360759e-03 6.142510083529215559e-04
2.173037254054059966e-02 1.629404392265658419e-01
6.596206697075027332e-03 4.113654505684638529e-02
1.334568811288560329e-02 -3.864901754960030594e-04
1.467985951563764713e-02 -9.659923970336378729e-02
1.861270996243918549e-02 -1.397910635319758177e-01
9.307158645999154614e-03 -3.960587079608172273e-03
1.295887907381279179e-03 -3.705274137823880718e-04
2.697553418346222698e-02 1.054051923319263977e-05
1.763643971102818800e-02 1.300416671709545280e-01
6.265536154906510731e-03 4.591100533087175140e-02
7.598712544423505064e-03 5.766327050211383920e-02
1.697456905919906070e-02 -1.119191786992089488e-02
8.444851369743336389e-03 -3.554959293085732663e-02
1.025667561513752407e-02 -7.434801851293183772e-02
7.997825389636668489e-03 -9.425614136839106038e-05
1.240087137342412577e-02 9.288571587288928233e-02
1.203145568863058477e-02 9.191796955477211928e-02
8.875766808369897273e-03 6.628219473722386790e-02
4.310490287464050115e-03 9.006968913863688461e-03
8.356228742908138052e-03 -6.457851669006998974e-02
9.062089865185408294e-03 6.231576164693006931e-02
9.540545050638999172e-03 7.107238845612337541e-02
2.690807662340963247e-03 -2.384275566880419972e-02
1.270020866551301898e-02 -9.666329758630728963e-02
1.581698584339956415e-02 -1.228524392020951400e-01
1.069942528334169932e-02 -4.262641538149646719e-02
5.230846843347528898e-03 -3.976278602115608518e-02
3.370213260318771255e-03 4.651587012773019834e-04
9.001421348428961799e-03 2.089565453118417959e-02
5.114211075206355483e-03 3.388128922343418281e-02
1.892327111048988306e-02 2.416918186912352454e-02
2.835125060809928245e-03 9.899494840652667705e-04
3.164717724856284421e-03 -2.130263147155986650e-02
2.191775771214744817e-02 2.880776098238775618e-02
1.282348194458161200e-02 9.743454524317403387e-02
1.308149372867658915e-02 9.689353792810005694e-02
8.294472154487121662e-03 -6.292832701059793143e-02
1.750754746167030099e-02 -1.276312093636016720e-01
1.184443380014910292e-02 8.921663858367444300e-02
1.000535521582115832e-02 7.427730764449282097e-02
7.890061966244138816e-03 -4.361233803757607469e-02
8.518474854179671277e-03 -6.361984242368950992e-02
2.058519632322659484e-03 4.555968211095691250e-04
2.824948076532258264e-03 2.061497728951504002e-02
1.529144047089575978e-02 1.150021811510004571e-01
1.282006765743370566e-02 9.607168033675883567e-02
1.791786161216968321e-02 1.298565287059940954e-01
3.659926214064495274e-03 -2.529213042913648971e-02
1.222989942514234735e-02 -9.001161177566814608e-02
1.307802829995425957e-02 -9.367706792878829902e-02
1.218179621802672336e-02 -8.860203596114556157e-02
1.862073520489336857e-03 -6.559850562656977099e-04
6.653315378223749986e-03 2.413775310055600934e-02
8.200286720562296669e-03 4.294832483813655621e-02
9.986318044957899487e-03 7.170658789874437278e-02
1.926741544061890549e-02 -1.453464777777049022e-01
2.686370854312418541e-03 1.013889262033936456e-03
1.241624003626546312e-02 -9.347706242881531624e-02
5.502148853439547439e-03 -3.806992484381101216e-02
1.672861141102452431e-02 8.723061487100233465e-04
1.166742609988058801e-02 6.668465515343117295e-03
2.297833663701894999e-02 1.713953633796699016e-01
1.940914037070723755e-02 1.425680563378672050e-01
1.292037758378072020e-02 9.539867297548348946e-02
1.241805328115126381e-02 -3.931882052887215049e-04
3.266217359255698185e-03 1.018552526446778878e-02
2.703341973124153905e-02 -8.803316213402063214e-04
9.466011774213613228e-03 2.707999805373968380e-02
8.871141577158488459e-03 -3.452144460348233255e-04
1.589582341347072283e-02 -1.194226203695112343e-01
3.351553903694487035e-03 -1.953264232631314601e-02
2.327355778754308137e-03 -1.094323581194356701e-02
6.366056331343220367e-03 4.271025450382463090e-02
4.759802915089010253e-03 -3.313649027183003526e-02
1.723778360811759622e-03 -1.241607193369299346e-02
9.806809582979974290e-04 -1.321103107815795909e-03
1.467551513403537490e-02 -7.655707188609339742e-02
8.184389774788438515e-03 -4.009224225685189408e-02
3.686960915461567857e-04 -4.374110657303536317e-04
2.506337333266783068e-03 3.985572481276719050e-04
1.136493747516143481e-02 6.057089584719211293e-04
7.752604038240569310e-03 5.567085839780039173e-04
1.534864670503311920e-02 5.122139748290235574e-05
7.923994025815259828e-03 4.395137127352539974e-02
2.117738410061491619e-02 1.259434031680977950e-01
1.563528246458352478e-02 1.169189341092958523e-01
6.513019519831558975e-03 4.641597253913270354e-02
2.282603638877745214e-02 -1.692716080231795317e-01
1.740507960642137877e-02 -1.337315344984859877e-01
9.222691610778993229e-03 7.045961773705804176e-02
3.011190662978845134e-02 5.648655127435696366e-03
2.036056996298123926e-03 -1.450159142738050369e-02
4.288491601512546547e-03 -3.013718613879269592e-02
3.273066884545570293e-03 2.318889580762175523e-02
1.177285079841591114e-02 4.085806833877711486e-02
3.881739494267237318e-03 -2.594353878713800271e-02
1.365950719361977428e-03 6.929384028064724610e-04
3.030962169967319191e-03 -2.024299262958719110e-04
1.699116064710747259e-03 2.760038435913628359e-03
3.291600261588996552e-03 5.015498295082647081e-04
1.015846742695018269e-02 6.694567647244480113e-02
1.567205191431657318e-02 7.713138050597681235e-04
1.432582576423927119e-02 -1.778909993830973205e-04
1.646175728462065044e-02 -6.301361562401590474e-04
1.128229440471884698e-02 -8.737741143673333211e-02
1.655014567860255571e-03 1.230924008176861699e-02
7.452379236395589163e-03 -5.727816328486619313e-02
3.024066791851154259e-03 -2.326266916038308846e-02
5.862970884800962866e-03 -4.485289492135696721e-02
1.204863070374638436e-03 -8.771611796575798717e-03
4.826591168200155928e-03 3.709447313962396797e-02
1.030693829501157406e-02 4.106490928767356219e-02
3.300701692872840768e-03 2.179404782000269117e-02
6.601604442270889682e-03 -4.992958134199722287e-02
1.232726419644102848e-03 -2.872253700278442709e-05
5.970495296677781442e-03 1.822522761201474800e-02
6.182922970746356113e-03 4.798586878461816307e-02
3.486475505663695650e-04 -5.946987850903453316e-04
5.289053684253380676e-03 1.585648912209342617e-03
1.402782084544500554e-02 -1.072746896756713170e-01
8.189475210931113601e-04 -7.355225516038563848e-06
8.069422295438730477e-03 9.823929356887395326e-02
8.631722364747875659e-03 -6.093992653429860379e-02
1.557760924397549223e-03 9.555482912021317100e-04
7.118167274033500649e-03 7.270787063281658469e-02
5.105597939326547013e-03 4.231483024988672709e-02
1.457550290016513357e-03 1.912420277955061002e-04
4.925003073654435695e-03 6.873131052535150481e-04
3.086366161015320977e-03 2.123780111482773125e-03
3.207594170712025055e-03 8.018034413639256799e-04
8.785085353425526461e-03 -6.415403468734126591e-02
9.392171656515155981e-03 -7.037996530521269112e-02
3.520685274908411534e-03 -6.147019435200520680e-04
4.682931330610138644e-03 -3.063718529530119056e-02
8.704763641753803655e-03 -6.375065647573670280e-02
