0.000000000000000000e+00 0.000000000000000000e+00
1.510546266524189461e-02 5.225395046386171680e-03
3.745526163103599527e-03 2.001204162405241516e-02
1.548882374580123900e-02 1.254220151037204432e-02
1.325373962572386731e-02 -9.443621750414782356e-02
7.789188730429040877e-03 5.135713878361528343e-04
1.404250298793321972e-02 1.065594221176520418e-01
1.775045419421032722e-02 1.351183142366093881e-01
1.350922631781917120e-02 -8.516593250262613490e-02
1.524270768746655534e-02 -1.136680335512517959e-01
1.653085362046960438e-02 8.653753441980570338e-02
4.745726201189471791e-03 1.705828295928570743e-02
2.164503410922349186e-02 -7.119812995469647354e-02
2.029110913369294375e-02 -1.548748936379846786e-01
2.642595688325456715e-02 1.123966639579815778e-05
1.157378800253060398e-02 -7.341107830155703005e-06
2.156509296196898809e-02 -4.580288921389124137e-04
1.476663570853675202e-02 -9.078087097478471567e-04
1.022620247851254403e-03 -7.649651872123283680e-04
1.040265916553087880e-02 -1.057447744813156398e-01
1.478003449916754503e-02 -1.245800720950170637e-01
6.453592948262575416e-03 -4.953338277049547378e-02
1.682003735313232842e-02 2.116435845090711837e-02
1.747791594035107143e-02 1.315554881009590449e-01
5.754541042359994502e-02 1.494992889646647449e-01
1.672797186220751145e-02 1.264445301348939288e-01
1.616903121971883378e-02 -1.135765291716686609e-01
1.025718792686788373e-02 -5.986253137647225275e-02
7.165260975925020169e-03 -2.217141980018073194e-02
9.416166490264990183e-03 6.002113672040299691e-02
4.730217852787932387e-03 -1.121766796830942978e-02
4.163867012431967697e-03 1.566496130450592203e-02
8.692753862173125540e-03 6.094849458138529991e-02
1.314421989059795341e-02 8.412574441867408381e-02
1.070779349527374406e-02 -2.999870060271718573e-04
8.702570494785930727e-03 1.166428904209312276e-04
1.910649044045915901e-02 -3.640365854502052105e-05
3.641059322356737533e-03 -8.173910954336854168e-05
3.877448635549046035e-02 8.925536262380011300e-05
6.388588781178030414e-04 -6.770682728271367942e-05
3.327654375289691886e-03 8.816172146501960677e-04
8.311659837278740151e-03 -1.590808262745112278e-02
8.658289488872194031e-03 -2.700993468120005403e-02
8.170382944934351591e-03 6.160703771543133214e-03
1.057550634864607743e-02 -6.550812181756067443e-02
6.033189068937564424e-03 3.944387421296487173e-02
6.873789647819368402e-03 4.900892614379795398e-02
7.539531430584895354e-03 -7.304439173047365397e-02
1.052349067768806705e-02 6.580040688846226782e-02
8.718026474356753777e-03 9.561843959446882091e-02
3.631178388502056403e-02 -1.052671529028181424e-01
8.267380512786434363e-03 1.171794806214916044e-04
2.093101966283339097e-02 2.653780756883321083e-06
3.705477357250386056e-04 5.833700104937183278e-05
8.304451799065888998e-03 2.014862850824202239e-04
5.362134580513530429e-04 -1.579087326200129477e-04
1.069940023057796771e-02 -3.896299533193600911e-04
6.651422584397363551e-03 3.854445377218407298e-02
1.162196474328534672e-03 5.460182363845020900e-05
5.450449590267440400e-03 7.495759200475101205e-04
7.567125366726690748e-03 7.573455286824283279e-04
8.927522406870714439e-03 -6.397461121912938198e-02
2.262280350835265980e-03 -8.725249761590662956e-03
4.346361455344747884e-04 2.953487176301566595e-05
1.568418225602108765e-02 -8.761902837565770097e-02
5.795305961053718105e-03 -3.705592839425377732e-02
6.327675059507845319e-03 1.132934857977195564e-02
3.981494669509085677e-03 1.445509201871661951e-03
2.136276833398279701e-02 2.233260262143656975e-03
2.026734127225503571e-02 1.960003659139023836e-03
2.720638489860778293e-03 1.900039163689175303e-02
1.999540801094048387e-02 1.508193939891658009e-01
8.618613462249223936e-03 6.483977521284288448e-02
4.654283159810461423e-02 -3.512379935498338344e-04
4.529356126764286922e-02 -1.016695575396248628e-03
1.854467399863908572e-02 -1.429423665006080701e-01
2.549878400941981912e-02 -1.670901166376961011e-01
2.219711838756765684e-02 -1.585604344767587714e-01
1.928897929421145505e-02 -1.456664513634490510e-01
2.028780336196382358e-02 5.978875754939685233e-04
3.835701150403710707e-02 1.973552301648761470e-03
1.632921734112530165e-02 1.225657780587786211e-01
9.124405233305406607e-03 4.077969097163040846e-02
1.715927652843902626e-02 1.234785458665852292e-01
5.164582356297616438e-03 3.776637743608481784e-02
2.754570410297203786e-02 -3.400966721866627404e-04
5.571548668407136883e-03 -1.518611559560768712e-04
6.609894393092501097e-03 2.838215746148050841e-04
1.769286102123483057e-02 -2.731247606171075698e-04
9.172172000016803536e-03 3.429162089465284495e-04
5.303730606311579708e-04 -1.103966842654816564e-04
3.135070713065601228e-02 -9.750772422895183388e-05
2.459427210178864471e-03 -3.252321516522768425e-04
3.244754036724472289e-03 4.494477203903935597e-03
1.125437514253476920e-02 7.130504268645253274e-02
2.056894874083658401e-03 8.102693661557537922e-04
2.173926128511456755e-03 6.018758048831327791e-04
1.726609673466743614e-02 1.109183069496644664e-01
1.307112166732538397e-02 -9.837484987737013520e-02
1.325145219612289260e-02 -9.440791252541939904e-02
6.352469595648412015e-03 -4.386871472482706258e-02
7.790905083822937185e-03 -2.157366279790342341e-03
7.605599532508870546e-03 5.688147650650966780e-02
1.374128049264722491e-02 4.705405287816062654e-02
5.337449487650108848e-03 -1.247501792978631795e-03
8.507118324643401716e-03 5.685827338419822963e-02
1.078070314790676755e-02 -2.129176674414425333e-02
7.739584686685957969e-03 6.931596147382402708e-06
1.355949471232542267e-02 1.040047916792901372e-01
4.008182238799925037e-03 -3.102956901325293337e-02
2.233802264404514265e-02 -1.183082201981403708e-01
1.100203748017116595e-02 -1.252127360246639565e-01
3.673636590533493288e-03 -8.106398452472702220e-04
1.120182719773231417e-02 2.978729619767344836e-02
1.094403254076983453e-02 8.267533229227634617e-02
1.942133126406318799e-02 1.061242410781838147e-01
1.247288225657974294e-02 -1.575182377012201247e-03
2.177552865374262486e-02 -1.593395545308701894e-03
2.693846553540296326e-02 -2.944591493911845326e-03
2.425325676804107860e-03 4.493719575670945777e-04
1.464752521630388257e-02 -1.055706511968452083e-01
7.824200924393667420e-03 -4.046209908557019813e-02
1.497933793393103549e-02 -1.043967390882215712e-01
1.034274679344764775e-02 -7.021381018748194987e-08
8.729848170080822811e-03 5.588924619072475897e-03
8.572027698261886972e-03 3.555671316813630023e-02
4.311979306962528818e-02 6.159899224429122569e-04
2.028032294022728138e-02 1.344084279064186871e-01
5.581052864495546738e-03 3.695614015804717101e-02
1.237968807610191450e-02 8.484139527155888649e-02
1.952877829807891930e-02 1.228344103459211023e-01
4.459287639482409880e-03 -2.099458082809654976e-04
1.938655756868619406e-02 -3.579207923263117265e-04
1.827153621250261414e-02 -4.395047741748744907e-02
1.793242689423605804e-02 7.465082600434302940e-02
2.623001984603300606e-03 7.369981063213850933e-05
1.656849615156134534e-02 -1.237261246594960618e-01
1.085173957542044133e-02 -6.164363696191862974e-02
1.255767567822975266e-02 -3.625164429598077328e-05
5.532287018396533744e-03 -2.508253754236976479e-04
6.119454887366262801e-03 -1.539998212466592298e-02
7.954748058447358439e-02 6.023146977468975662e-05
9.203106214662568063e-03 -8.261037868293294624e-04
6.738000115844898844e-03 -3.633200250194080789e-04
2.089118799821118935e-02 7.071269465520204993e-05
3.657440015857466031e-02 -8.888306534630567362e-04
4.078831346460289053e-03 2.519381436013248409e-04
9.818456205606465592e-04 -2.348891021301818008e-05
1.700770109091078591e-02 -1.274194744608914305e-02
6.040049268049077318e-03 -4.583152465315455670e-02
1.130023843982539203e-02 8.543423046511516503e-04
7.021678120649657963e-05 2.206897305513631790e-04
1.152975494266482263e-02 -5.819346683021998923e-02
3.504770154043965451e-03 -6.103101973371811637e-03
9.467534372295045159e-03 6.366960499582872968e-02
1.447596541441693863e-02 9.248160349429224159e-02
3.795475971198432417e-03 2.736345221821769036e-02
9.563471454453381648e-03 -7.046707968737345174e-02
7.067064192668551757e-03 -5.302110810346200021e-02
1.018343398998880836e-02 -2.625692775824254449e-02
1.921821191685095954e-03 6.488305649180564974e-03
1.163608753858478596e-02 6.798846005152504868e-02
6.706866326178281996e-03 -5.070450420382095064e-02
2.488050520033137109e-03 -1.308303699115271473e-02
1.605356276358913675e-03 -3.738135606693417714e-05
2.084125350715061633e-03 5.088850194968414474e-03
4.278847524110591282e-05 -4.774580382044899679e-04
1.045208441021337406e-02 -5.216147944977996692e-02
8.532051236945711881e-03 -6.426297578902427643e-02
1.347276883361176944e-02 3.715234211366416628e-02
1.117688114827916114e-02 4.942426632946333998e-02
2.043915703278395904e-02 -6.057597421009950495e-02
1.000561943129988501e-02 -1.323967653913706499e-03
1.871094332237539792e-02 5.929872183109482098e-04
2.943748461299624045e-02 9.865700966633994887e-04
1.242687839487304630e-02 -8.634013440623812541e-02
2.478365725169504735e-02 7.484099771330273874e-04
1.794118412752745279e-02 1.226299305388328931e-01
1.323667474818029932e-02 8.562472609179298810e-02
1.411169919949815596e-02 1.056979388577014844e-01
4.117328317520770921e-03 5.131390491281406232e-05
1.264558675524814040e-02 1.782624140132774864e-04
7.484170005560892951e-03 8.002136327915168081e-04
6.541224105897952730e-03 1.377119611433117894e-03
1.408079329545047428e-02 1.803678916049835171e-02
1.924141823555674397e-02 4.329602598765688176e-02
1.186590919891156518e-02 8.528934026386317258e-02
1.180725496913893153e-03 1.871805580560494033e-04
1.720006694294482635e-02 -1.309461471319265380e-01
8.087491568534057110e-03 -2.511575530103546047e-02
1.366482129134671125e-02 -7.393932221448289155e-02
2.408814878328886626e-03 1.465895252287690567e-03
1.629688235015389107e-03 -1.293494146257430713e-02
7.715436578837826624e-03 8.621971581058922307e-02
6.056529996658838524e-03 -2.557392609686976945e-02
1.590212052979294915e-03 6.045142412379344091e-03
5.803680502084546979e-03 4.538505793008092539e-04
2.075657341398872216e-02 8.368261791422806949e-04
4.053678755307834301e-03 -3.465881188551556260e-05
2.635378146255318646e-02 7.645891755269237054e-04
1.462207179283780793e-02 8.978366011165304136e-04
7.110706680969859986e-03 -4.274062684957747466e-02
7.054820399890414026e-03 7.008463179162304282e-04
2.954552141073410118e-02 1.047869603353326386e-03
1.927851120212707367e-02 1.415034031143236615e-01
1.885878219922780194e-02 1.341183666831589905e-01
1.630075661702334172e-02 -7.765443855006045259e-04
1.886955144613240362e-02 -3.661202678997226706e-02
1.271113573171271660e-02 -9.494361120282084066e-02
1.617033056019839821e-02 -1.216898214305647402e-01
5.379673658319744818e-03 -4.023738320931328355e-02
2.232790819108749006e-02 1.299122568932815349e-04
1.156239777712575467e-02 2.964030175676861042e-02
1.975016289278083009e-02 1.471368826113345074e-01
1.540348686731115961e-02 1.181726126780426461e-01
1.092285913587370989e-02 -5.699769199027447230e-04
1.294854880727851036e-02 -5.069787820285753029e-04
1.738052760216041159e-02 -3.937965238851603186e-04
1.424734463858789990e-02 -9.365866598589042691e-02
1.357497067173395883e-02 -4.500793608491212433e-02
1.216745774342188093e-02 -5.466398019298325528e-02
9.829633441770371099e-03 -6.727116657434835389e-02
2.755489754062111218e-03 -9.036081589031932232e-03
1.407124729253267890e-02 1.065359909854270287e-01
1.251070796162056034e-02 8.772002565446604394e-02
6.992411598051868904e-03 -5.335177336041507096e-02
1.789321902159092190e-02 -1.357075962033740535e-01
1.466869284832706885e-02 -9.640447630136574075e-02
9.059687822007994953e-03 -6.219434540312930582e-02
1.267640242465853558e-02 9.126277995710352364e-02
1.687643906520932754e-02 1.272984405645270489e-01
1.331235009423843881e-02 4.054993411510269445e-04
3.539557035359896468e-03 -1.944358635848911568e-02
2.016930557021141997e-03 7.530678735707809846e-04
1.497236485608419891e-03 -4.625432873884763665e-03
7.357386051167074531e-03 -5.346810313274782955e-02
1.122758168104586243e-02 -1.025845325351186083e-01
3.783477082931397360e-03 -4.400525779501486979e-04
1.839787300612418658e-02 -3.238365793967246434e-04
1.185137567916384922e-02 6.639676983862937364e-05
3.866286834445684020e-03 -2.775315624345734561e-02
9.814578558228249233e-03 6.170091212979861121e-03
1.431295218623068917e-02 1.092072269289103420e-01
1.354743095017088041e-02 9.592520312296638763e-02
5.304435557170464853e-03 -4.519417594552978864e-04
5.813008388712698898e-03 -1.139356856085020587e-03
1.460492919078551152e-02 -1.112662638783438879e-01
5.802108311184380612e-03 -4.473035751951382616e-02
1.583839882251414258e-04 3.353375389249378300e-04
9.778502814728919426e-03 2.228540086813703830e-02
2.792883629083590686e-03 9.440961352347874286e-03
1.575902872634939514e-02 -1.123399147943109772e-01
8.203866472259369394e-03 -6.340191745059026163e-02
8.925845073876980881e-03 6.825964373459977863e-02
1.483247183718340925e-02 1.116734605014481629e-01
3.110834202504671533e-02 1.039506678348022101e-01
5.333142488451303627e-03 -7.964661584435954109e-03
6.311734902323807954e-03 1.612748968867787694e-02
2.793592709084525422e-02 -8.900381415481292691e-02
1.706026150937088939e-02 -9.280783660704698679e-02
1.254076569244008330e-02 9.326143749282030104e-02
4.724045993129632852e-03 3.350168291767947198e-02
3.209277813840947288e-03 4.370131698274384684e-03
1.711280387888129695e-02 1.208770277735123494e-01
1.594635725321113043e-02 7.316423766497429093e-02
1.598573494403847037e-02 -3.349773955586970997e-02
1.899045015526142771e-02 -1.380072697430212436e-01
4.150192315667383322e-03 -2.625196692747735344e-02
7.449607488118217304e-03 9.309430722713217879e-03
6.013483090869216688e-03 -4.431866646307316276e-02
9.987720057333549645e-03 -7.191790778143929141e-02
9.385287676791906342e-03 6.696887932267568677e-02
1.173907154866616828e-02 8.559304269757625483e-02
1.022262879298274814e-02 7.626515054945605387e-02
1.298743948201639895e-02 -8.573656352100875178e-02
1.990192448999344998e-02 -1.496969816142952048e-01
1.169127326428717056e-02 -8.245647920817378296e-02
9.697368933167294786e-03 6.890645900264125764e-04
2.221565489174373575e-02 1.645963622818172600e-01
1.620798066479749514e-02 1.216340625668310138e-01
4.333388336113964436e-03 2.955370440924852751e-02
1.755431371577175284e-02 -2.610864643741025656e-02
6.203309750707910498e-03 -4.315739699073960906e-02
9.340273161770381444e-03 -6.827002954498648246e-02
1.829995845636206084e-02 -2.590591065144270261e-02
1.876333679594478429e-02 1.260337221661088636e-01
1.178783084851873358e-02 8.827935351388907503e-02
7.925743381562842804e-03 4.238679060665268700e-02
5.874213013043640477e-03 -3.467038978055937215e-04
3.340744411990138191e-02 -1.207050453908392780e-02
6.060991893194462785e-03 -3.761688327159646433e-02
1.411353318703031240e-02 -1.060577069277125334e-01
2.186409404384011615e-02 -7.960924237578428150e-05
3.878501601068450131e-03 -1.688174522719042606e-04
2.806253829973657382e-03 8.837221141069266650e-03
5.685338172467260809e-03 -7.667855394975808467e-03
8.239913171864225727e-03 -6.344387494494793667e-02
1.906761024606048842e-03 -6.676306181982834742e-04
7.995531711968187696e-03 5.908031745210061414e-02
7.171618563439175788e-03 2.964387884152469219e-02
5.489072778577330867e-04 1.170291314885612546e-03
2.881247815789335365e-03 3.137674808346174629e-04
9.420752164646873294e-04 -3.278569955199284527e-03
6.033587704884262048e-03 -4.503275932933221981e-02
2.389399965081777030e-03 -1.765189431439692994e-02
4.527721513694372805e-03 2.431189232079467022e-02
2.749874805750803994e-03 3.203147052254446477e-04
3.548384384007624223e-03 -2.447226163910048297e-02
3.286193592073505428e-03 -1.315097501904665886e-02
1.399752451498412383e-02 -4.172001824757311239e-02
5.288286678289715742e-03 3.766836959656682388e-02
2.639348357745031209e-03 1.977008367417489726e-02
1.084855930792751055e-03 5.796052915776128862e-03
1.692782982938940278e-02 6.874230472498285560e-02
3.005579961901294270e-04 3.247272521121809409e-05
1.887000678949803459e-02 -4.633093222636035170e-04
1.719683038341556988e-03 1.226013808656842632e-02
1.172172460177326944e-02 -7.694954733613387646e-04
2.007074750131963153e-02 -1.025487114780540597e-03
2.037072613324905981e-02 -3.164629170213936749e-02
6.705760019928383442e-03 1.453948292550509211e-02
1.627610502381664909e-02 -4.718054696958615818e-02
4.541568491138858917e-03 -1.843566160892385827e-02
1.091861677838298038e-02 -7.680495580817878198e-02
8.203787081470468104e-03 -2.076368926366872411e-02
6.532514461255523909e-03 2.766773266322333086e-02
3.045603117342500325e-03 1.358546850492497668e-02
4.546202217072316774e-03 3.264106245546592733e-02
1.073375268970947101e-02 5.657191644033612160e-02
1.039146575602548084e-02 6.793907935071251403e-02
3.979062017774220687e-03 8.624021804707728348e-03
1.601034099053535997e-02 -3.501166239197740608e-04
3.741514275337913097e-03 2.167788746612019362e-05
2.072775313475008329e-03 7.262722114181057939e-03
1.190739094904590643e-02 -7.602046715211455141e-02
9.638969592014949919e-03 -7.011887764875807116e-02
1.452930914202205971e-02 -1.101638847750227856e-01
1.006809128504543294e-02 2.116908100366434483e-04
3.175416798263864387e-02 3.086999344937804875e-04
1.483056911564649763e-02 1.045588412585553295e-01
2.013905198248274256e-02 1.512447329957138098e-01
1.462009328956903435e-02 5.813467487693439999e-04
6.625565306213479846e-03 -4.049283427687981607e-02
1.694374050649652061e-02 -3.844279734325635467e-02
1.811096036196934876e-03 -8.639954960566463863e-04
3.568507810106286583e-03 -4.815665789620686768e-03
6.064424837940693945e-03 -4.474949829936409468e-02
5.304568074230775997e-03 2.298029659170567132e-02
8.849014878756922145e-04 -2.853986454974471746e-05
8.087807910212144180e-03 5.248881071224419798e-02
2.759761027642109420e-03 1.428934963309824550e-02
6.803524067925695480e-03 -5.061129557010923818e-02
9.684874249142574193e-03 -9.126907598385809728e-02
2.974726472789871509e-03 -2.073510022003832026e-02
2.586753299200380760e-02 1.390001984359636178e-01
1.691727835184341291e-02 1.250327021828440688e-01
5.469094781493083653e-03 4.066640730947249094e-02
5.779791347846991931e-03 -1.980354085353004667e-02
1.401238029642913781e-02 -8.538096821885002297e-02
2.627376795262377149e-02 8.569898565897042281e-05
5.644878879788371370e-03 2.358169053610474977e-02
7.726658364087589902e-03 1.447938374790260288e-02
9.752264640215405067e-03 -2.719924318066049384e-04
4.135076264468458100e-03 -4.503571649005528189e-04
3.302547196295961551e-03 -1.118849732209267929e-02
8.479005745382836579e-03 -6.488332815813313559e-02
1.694304065491124278e-02 -2.114576350278138395e-02
2.894647489807950034e-03 2.124141857145585288e-02
8.104755688306800390e-03 6.244628454347184165e-02
1.435801955449419499e-02 6.163623518946746704e-02
2.743175549030500465e-04 -3.139915946764008513e-04
1.519483574315408890e-02 -1.164364147371819286e-01
1.059865829892717853e-02 -7.820222341316647452e-02
2.072502073875319754e-04 -8.470289968592701203e-06
1.032750272960467411e-02 7.912094994104577894e-02
6.582718379577220773e-04 -3.240215056961778025e-03
1.375159709256333629e-02 7.960331180446124149e-04
1.568581017869727498e-03 1.292503109081201071e-03
1.034323034160098765e-03 -1.603082278476301486e-06
7.761602105018442117e-03 2.633146096217904575e-03
3.465955693003006707e-03 2.267619175338200441e-02
3.293239738690535018e-02 8.478107785489998348e-06
2.614015292427933346e-03 4.211135898428761087e-06
1.180180716176190909e-03 6.880815299852720729e-06
2.981797723106108938e-02 -1.506971471146545784e-03
2.547230581950035624e-03 -1.052507671086438642e-03
3.459188383102738528e-03 2.483860514328155647e-02
6.381377633901481362e-03 4.630910976908785698e-02
4.760693378243328888e-03 -3.487539079250423502e-02
9.256891555661297954e-03 -6.663901557523793651e-02
5.728298860666882104e-03 -4.079028414524209223e-02
6.529814874502099312e-03 3.728972456892039712e-04
1.108330562249081400e-02 8.736966636365792183e-02
1.328882851434381833e-02 9.740640352567078719e-02
1.733743072779469346e-03 1.379364085992937518e-05
1.346399585204991964e-03 -2.135123367389147805e-03
5.244856830633808260e-03 -5.487176536379746901e-03
1.233974001799984996e-02 -9.254880078226747353e-02
1.909203125142992785e-02 -1.429346499173257123e-01
3.120864205791817718e-03 8.064542664083352392e-04
2.236286341446439008e-02 1.627274071809929890e-01
1.809417725032226587e-02 1.361616791000099802e-01
4.520030407904826637e-03 3.345373104895032340e-02
1.610480740508367023e-02 -1.220950941714306955e-03
1.320229780016610004e-02 -9.945558703536298839e-02
1.164931060973364678e-02 -3.384539174538307021e-02
1.458405019152882696e-03 4.757102242047153511e-04
1.110337639462321419e-02 -8.338392971708030732e-02
6.507758563957181941e-03 -4.213943813965544821e-02
1.147331590169030878e-02 9.875113304448222742e-04
1.701528170780099505e-02 1.194871033804336680e-01
9.706044165947976324e-03 7.121528815736405393e-02
3.429758119711565079e-03 1.536433944101261648e-02
2.854858750922112300e-03 -8.346130175452505170e-03
1.205979252150276432e-02 -3.360096037633166638e-02
1.018088964050295822e-02 -6.295325302204980711e-02
7.805585781202809340e-03 -5.744746043178436401e-02
1.153461870446785206e-02 7.897152805897940386e-02
2.025339707667079756e-02 1.524949902117489209e-01
2.206751402018721636e-02 4.303160297788438785e-05
1.012972344126852713e-02 -3.356016400670799188e-05
3.282509614774342666e-02 1.301794992428337207e-04
1.884136242511777123e-02 -1.418531873118279163e-01
1.657970020973405928e-02 -1.250776964776627309e-01
2.374258454354874828e-02 -6.771291652454842624e-05
8.840169677573369959e-04 -8.548772497203513659e-04
1.185757911917981189e-02 8.189246499634682264e-02
1.661791673726766786e-03 1.023191767789297102e-02
5.969104934501106956e-03 -2.833263355705164036e-02
4.107039076774746979e-03 -2.393844090573444758e-02
7.066279536499817625e-03 -4.885577113491739593e-02
8.556036450469954244e-03 -6.515084607825012697e-02
4.668826643324176968e-03 1.858931134769046395e-02
2.430819119944691194e-03 -3.184157637365981133e-03
1.164226837713474606e-02 7.602030567633202840e-02
1.011916712230803922e-03 6.952696180200087454e-04
7.897580618812632611e-03 5.856461086912813363e-02
5.006715936915846245e-03 5.639415522992402368e-05
4.835687927767485204e-03 3.592449850568030928e-02
1.235547377936024351e-02 -9.225501333771957135e-02
4.075855393902111205e-03 -9.580992336491478759e-03
1.062447400209920283e-02 1.372549712040486460e-02
1.587002776044847685e-02 1.075058653128111719e-01
2.670638197325767623e-03 8.158461227526902907e-05
2.173797517330386050e-02 2.753300079293255313e-03
2.040763632077423687e-02 2.582902454289317913e-05
2.660835657009417987e-02 -3.478553999265001696e-04
5.277797165256761271e-03 -9.589627866741802769e-04
2.398841620870376112e-02 -8.176914324142192875e-04
2.574358810650792875e-02 -1.175465140752609975e-03
1.051866641264224966e-02 -7.577220807131898606e-02
8.549204511343017759e-03 -6.158849265903425935e-02
8.662960381286282860e-03 -2.349911596604431496e-02
1.506076774109287725e-02 9.611953322150833257e-02
1.216631097801223679e-02 6.545519271341034007e-02
1.123156990219472892e-02 8.505780731980575049e-02
5.192983567137716104e-03 3.925486677922122858e-02
2.298531486591958578e-02 -2.193341331407277833e-04
2.191846660344766093e-02 -1.566016119801753315e-01
1.735867949735644608e-02 -1.322726568692662585e-01
1.298752326580529526e-02 -4.220000494190267033e-06
2.993646992914292867e-03 4.905213688162581888e-04
2.289403261827404820e-02 1.770699199186723737e-04
1.863088802415071785e-02 1.757596396462086897e-04
1.649420141961555758e-02 5.272539662121831670e-04
1.540518300328904376e-02 1.020745265696450105e-01
1.282442051056927219e-02 1.011593921109901761e-01
2.719196897735029223e-03 -2.187223859480186099e-03
6.562908425819369458e-03 -3.791558732229908385e-02
4.593527659862275958e-03 2.216035158200059974e-04
6.838431540226139714e-03 -5.116515295010346659e-02
6.145226233420509644e-03 -4.103636001351888135e-02
1.693504277387024651e-02 1.093209691838657321e-01
3.067419100062828211e-02 3.532511027799377281e-05
1.562079610912248985e-02 6.346095464745210525e-05
4.236779561068933914e-03 1.001891712743025603e-03
1.110415542722370009e-02 -2.524282954707891824e-04
8.471276104605310331e-03 -9.165846920895120205e-05
3.825271944069658699e-03 -8.181355734277804648e-06
3.739058272327510334e-03 2.874597247818131904e-02
1.087641661489622581e-02 -1.158393145682799557e-03
5.567370879745578774e-03 -3.527900274621292159e-02
8.514321580369516376e-03 -1.268804866678996390e-02
9.320036134529164143e-03 -7.244334693638732059e-02
3.823578535172339390e-03 -6.655321727142001625e-03
3.310712768550903851e-02 3.180187525382865282e-02
3.371922815692790509e-02 -3.253264377951606279e-02
1.982938160792236792e-03 -7.617420153928242078e-04
1.118393985991056848e-02 8.262288019164507058e-02
1.663491765610870116e-02 1.069543124457484617e-01
2.598913874097810196e-03 -1.084577313397842163e-03
1.424830237249915740e-02 -1.018674468915859712e-03
8.787533864025946426e-03 -5.057282345574810184e-02
7.345576701464246426e-03 2.503140683550500976e-03
5.115742955310150809e-03 4.966579516398510370e-03
8.234247228353745729e-03 -4.758762610963399031e-02
2.164774565254084723e-02 -1.061322210435049346e-01
1.973670240660843275e-02 -3.266576661330417020e-02
1.035836569109874553e-02 8.578766669097427459e-04
1.070717021685384934e-02 8.772084348734522250e-04
2.237639915014994277e-02 7.543479306050399069e-02
1.513901393271797555e-02 1.023818856518693421e-01
1.261184776727209897e-02 9.322597656804118560e-02
8.427688222533218435e-03 8.009017336574008575e-05
8.470862406554211313e-03 -2.882530227383201036e-04
6.433396118592863908e-03 -2.329664891725146748e-04
3.915427312825836559e-02 -2.405376889659903428e-02
9.220876876827731328e-03 -3.841803680613048748e-04
6.805649299556049657e-03 -7.723087114674948147e-05
1.769475931372852667e-02 3.118004779524024498e-03
1.125756054220950972e-02 6.516345826520979212e-02
1.142676693905041868e-02 7.705801029822004211e-02
1.077093666733506400e-02 9.010804025916734983e-04
3.416222332296700148e-03 -6.872717552732352702e-04
2.529620518995085582e-02 -1.211699585173653115e-01
2.880146463844060045e-03 -2.268349389977173877e-02
3.565219321202958702e-02 2.791390479980287651e-03
3.552603346689394304e-03 1.710446784296671026e-03
8.537518503034215861e-03 -9.440671281160889147e-03
1.724129603794017501e-02 -1.203321705464208413e-01
3.810541378116069893e-03 2.082347278660217488e-02
5.207466515988188813e-03 3.259766311846411940e-02
3.073687246757204200e-02 -7.925392152929168488e-02
9.125207313169611534e-03 6.296570643782598009e-02
1.610107100066570165e-02 9.197606153522902561e-02
7.470218509761586412e-02 -4.483781278668064196e-02
1.452547082072419386e-02 4.424302369744349817e-02
2.782797912872767704e-02 9.665217597829114937e-02
5.405267507866336890e-02 1.744268949876356516e-05
7.519544121091670252e-02 3.093073166539945726e-02
7.310251213889852606e-02 1.446348172319526226e-01
1.679344630487094592e-01 -1.079243660085470787e-03
1.089678034410139496e-01 3.897379902598097079e-02
1.049761350159980622e-01 9.815302327805321136e-02
1.349732985738440194e-01 -7.770423577510467139e-02
5.601094154902400840e-02 5.146020667197358732e-05
1.701623989342843091e-01 -1.383028704167821865e-01
5.115512826798383761e-02 -1.295817089108951443e-02
1.653084930859030910e-01 -2.064711069482893374e-02
1.231512008644767564e-01 -6.917091814282860796e-02
9.978082778532723629e-02 9.439128788882877614e-04
8.992307141381512825e-02 -1.764191409189256876e-01
7.108837879967450091e-02 -1.772711449941937745e-01
7.098181299291511127e-03 -1.706528044330786562e-03
1.460236050422737165e-02 -1.077082390229198022e-01
1.616913152853424462e-01 -6.454438358950816135e-02
7.418978801429219894e-02 -1.532576880798677604e-03
6.747285387166364334e-02 -1.507522711626745615e-01
4.905093688899836435e-02 -1.331291323828549533e-01
3.808777955211941485e-02 -2.909386732771504199e-04
2.967966420074361067e-02 -1.634133825612573143e-01
1.425405704164723342e-01 -9.147327291575174830e-05
4.740029119918236916e-02 -1.763892422726740794e-01
9.646828739106212691e-02 9.286816736219064049e-05
8.843075764794829097e-02 -2.941646825405305060e-02
4.011496208944539260e-02 -2.705525814493823155e-04
6.240862629797070543e-02 -8.291790626700864435e-04
7.036900842992378780e-02 -1.506877677527476422e-01
9.735221539883393005e-02 -1.657382090665327767e-01
3.560445630384195120e-02 -3.186850877477968511e-05
7.819131527140354976e-02 -1.709214690855516416e-01
1.301545197309622870e-01 -1.926154813005401256e-01
1.145372919530510958e-01 2.676976806116675655e-04
7.831859787386631633e-02 9.834618073418722919e-05
8.936659222691094306e-02 -1.899854719162848704e-01
2.099256823013857798e-02 -6.228038144994940510e-03
3.315891986069321312e-02 -1.618887576311268117e-01
8.734699017286744194e-02 -1.777680544483055125e-01
4.347945183053128493e-02 -1.223825223701171944e-01
2.100091494748401212e-03 -1.518818553895752302e-03
3.309806216950906405e-02 -1.581332253101266350e-01
1.236444341968916810e-01 -1.709804765672133520e-01
1.271073420760226828e-02 -1.743289144447349832e-04
7.984702144147147462e-02 -1.313319951879080016e-01
6.333289331329848559e-02 -2.542871229260060956e-02
9.160644567899839386e-02 -1.024027468752343045e-01
5.910150097615650411e-02 4.056076446110055321e-05
1.198158061679369391e-01 -1.644940025119077942e-01
7.485778819643057148e-06 -1.168110683179706961e-04
3.381665736321485399e-03 -1.596298447161997869e-02
