0.000000000000000000e+00 0.000000000000000000e+00
1.194455000961100050e-01 5.114375729172255993e-04
8.446224240776301073e-02 5.059867456277613446e-02
6.557085980042948181e-02 1.203305449298167906e-01
6.709357229998397232e-02 6.776321029255279703e-04
7.968085280355460820e-02 -4.094431471505045189e-02
1.069973469451053205e-01 -7.994466046078153865e-02
6.117449587798071131e-02 -8.274530803145538349e-02
6.746920621514372607e-02 1.195105956370047517e-02
2.212424417338697616e-02 9.233207758417250055e-02
5.256004773850341677e-02 1.127968775165704707e-01
1.463399268651900120e-01 9.210335603483835176e-02
7.153903735579265899e-02 -3.965337958079113295e-02
1.149589257607500081e-01 -7.330428669494995497e-02
1.317921253572038598e-01 -4.298791816522546348e-04
1.477522294925835526e-02 -6.079153088164192644e-04
7.936235397474397657e-02 7.779258122102414297e-02
3.644344868126632442e-02 9.403445232708140811e-02
9.045657070705238889e-02 -4.190606279664642721e-04
8.541707401018949763e-02 -1.348132212238558041e-03
7.114857211532878145e-02 -4.873223958317410981e-02
3.551595026429166940e-02 -8.456441973775202792e-02
7.605886777143129607e-02 6.064467489343099279e-04
4.123582256420661035e-02 6.340530900964490551e-04
2.918486225223813207e-02 6.820119116885156596e-02
1.353001792777278924e-02 5.897611954273800777e-02
2.679800167435567385e-02 1.219453628763290665e-01
6.444528206064752129e-02 9.734186864101100492e-04
2.944345021697386544e-02 -1.705850737839498124e-03
6.800145469069988902e-02 -3.180179598802617552e-02
7.524946712871685706e-02 -1.956461372683571934e-04
7.460900921130482477e-02 7.198892603099465992e-02
7.309533784946044277e-02 5.595050951271880995e-04
6.065271014791479703e-02 9.124016217485446389e-02
6.825379230217158699e-02 2.696900139805648083e-04
9.907769601434582296e-02 -2.522706391739135915e-03
3.944935261856537256e-02 -2.907304039577254806e-02
5.562280362553227719e-02 -7.732049709582836019e-04
1.058416234113922078e-01 -6.453745717191373011e-04
1.152504230013783743e-01 7.780120921476095519e-02
5.954622570158987771e-02 -1.490676419411837749e-03
7.306537176245103682e-02 9.321261324929851211e-03
9.276846013618006426e-02 1.186463784432235545e-03
7.803898233009060048e-02 4.205383001508009727e-02
1.529528243343608040e-01 2.187144269569895813e-02
8.293766766434480797e-02 -2.971739777183689604e-02
1.107360081435021099e-01 3.954329160749432692e-02
1.397378028760026258e-01 1.457467018010401381e-03
1.623768136367237658e-01 -3.472326192508168319e-02
1.861323025366277140e-01 3.983257740879148079e-02
1.904351949434917313e-01 3.686273194811941906e-02
1.924098184670308687e-01 1.247976193894520802e-01
1.805954525037516967e-01 1.505159780618336995e-01
1.630570954452388310e-01 1.293164473132165648e-01
2.127197263321538301e-01 3.614518023068382540e-04
1.797543830251860930e-01 9.202069094611554922e-02
1.856779606194029208e-01 7.727584348380772683e-02
1.978989031069638138e-01 1.232156229052638885e-01
1.977166022144533908e-01 8.516913778728867068e-02
1.939665713562113702e-01 1.058728444731809465e-01
1.949470018925183179e-01 2.221598436180530906e-02
2.203100042774489009e-01 5.910649349004040536e-03
1.957172012955451790e-01 -2.225962013309648602e-02
4.009010956407254851e-04 -2.075206168633270121e-04
1.609045046645795002e-03 2.539244316237285453e-03
2.140806629756525446e-03 3.330217075602482073e-03
