4.499822127926089266e+00 1.499997537645053169e+00 3.141591808630889382e+00
4.505837544743831913e+00 1.473367227792972578e+00 2.938658976397565237e+00
4.405266288955536957e+00 1.504949874617111050e+00 3.074474015064251109e+00
4.396409495690867253e+00 1.515562246216099584e+00 -3.044547878605381452e+00
4.374358835080491836e+00 1.520130064628006483e+00 -2.903815944418154604e+00
4.280549273628092344e+00 1.498338536876030247e+00 -2.886417579283655499e+00
4.160724658803662379e+00 1.479397690640143592e+00 -3.029763079158431793e+00
4.002477166765735284e+00 1.464614965950695069e+00 -3.136144732913089594e+00
3.890792862099168747e+00 1.463920361088711930e+00 -3.137499028238768695e+00
3.838898667336364312e+00 1.474164985724666810e+00 -3.041410324737584325e+00
3.801301257287300395e+00 1.471736017282078368e+00 -2.916362654319175629e+00
3.745559671940433155e+00 1.457708655242430096e+00 -2.780614386110841885e+00
3.690668623759421063e+00 1.443150706869603450e+00 -2.722428545479664397e+00
3.604650718497012463e+00 1.400404791643801161e+00 -2.772883079968784692e+00
3.499123626055846703e+00 1.386378086358962758e+00 -2.917780782609292967e+00
3.370777581052655236e+00 1.358764394060530956e+00 -2.923712995832936645e+00
3.276116090788497637e+00 1.340416796952712764e+00 -2.807297433649925011e+00
3.266715380225086562e+00 1.318861064488305646e+00 -2.680373263285576346e+00
3.200920608494541408e+00 1.272582757792189101e+00 -2.602799174193703102e+00
3.071994475219641085e+00 1.202144992572123039e+00 -2.626457820180537084e+00
2.940253706221931385e+00 1.126901760268087305e+00 -2.642152348937785611e+00
2.828173906271474802e+00 1.061860262575593516e+00 -2.737808360792250983e+00
2.758001184178362930e+00 1.027804981514778504e+00 -2.787472240844802940e+00
2.702053579122284610e+00 9.977343157896242376e-01 -2.725433508187267595e+00
2.682015921200664899e+00 9.679675806541233607e-01 -2.594105026698248384e+00
2.643441893858589520e+00 9.336497020106584444e-01 -2.491631765365140527e+00
2.547843188377962864e+00 8.633093115555537933e-01 -2.465687840799589914e+00
2.484047610154201724e+00 8.104119171382102582e-01 -2.485601588043666155e+00
2.431984787950133065e+00 7.680335770702656495e-01 -2.501387870453357198e+00
2.349635786135014115e+00 7.107237643759241053e-01 -2.453462059964346409e+00
2.238119658068630891e+00 6.182964506683974459e-01 -2.423523667001970416e+00
2.164177410329140461e+00 5.555450630880871543e-01 -2.376712666369924509e+00
2.086814581022976345e+00 4.814979486774020878e-01 -2.377196836727831997e+00
1.991547513133352876e+00 3.893353857380038585e-01 -2.386025310902466057e+00
1.938482215019778687e+00 3.374010850148231322e-01 -2.426567132364667145e+00
1.831628636575767910e+00 2.478281403780656367e-01 -2.397667315125090237e+00
1.746749063256555878e+00 1.677705734466745369e-01 -2.379955118108657786e+00
1.642088248762666680e+00 6.941849090746472772e-02 -2.318926648772195342e+00
1.533711980772850536e+00 -4.477150602909627658e-02 -2.256656608767060312e+00
1.422045828372129117e+00 -1.808044796710160940e-01 -2.258005872599433861e+00
1.314606674217170035e+00 -3.081007985753244083e-01 -2.170791044896777322e+00
1.212098454960348182e+00 -4.643268407708860956e-01 -2.140181568447931060e+00
1.110083762546489661e+00 -6.203236257386131047e-01 -2.018472188671143641e+00
1.044830472881328909e+00 -7.770431350202531284e-01 -1.943391784864188621e+00
9.769893719477693583e-01 -9.540200214055565286e-01 -1.929038307344744130e+00
9.063901719228123488e-01 -1.137022493319419070e+00 -1.837271550554439692e+00
8.583506691645800268e-01 -1.315247680958895549e+00 -1.765156491214773693e+00
8.155891099142644762e-01 -1.502287056368923013e+00 -1.687949882242485655e+00
7.962611296880407474e-01 -1.698466719478552545e+00 -1.579171377916185337e+00
8.021219062782914966e-01 -1.897115957807387954e+00 -1.408801774109156968e+00
8.419251316953306752e-01 -2.075377394711669599e+00 -1.304752337170782983e+00
8.936599676999984476e-01 -2.268431034610328467e+00 -1.229798640532151044e+00
9.592010954990977112e-01 -2.442032153976420705e+00 -1.209309308040857456e+00
1.025835083506362322e+00 -2.625620299649284561e+00 -1.131482787215042585e+00
1.048502673388103767e+00 -2.658340561766457277e+00 -1.172471093999729375e+00
1.048623093438520781e+00 -2.658408611830075152e+00 -1.173124216973163936e+00
