0.000000000000000000e+00 0.000000000000000000e+00
5.741771658259737371e-02 1.008289104328827651e-01
1.045651546611188754e-01 1.327611020070939563e-01
2.194662269625562503e-02 1.647649930722083489e-01
2.997880733696254782e-02 1.421363989878198786e-01
9.680559567531234200e-02 1.627383110541449299e-03
1.226884363898632785e-01 -1.483609686685546658e-01
1.588529929522888295e-01 -1.137089421741519085e-01
1.099062136586616972e-01 6.698294917514345352e-04
4.709806085325628222e-02 1.173758487662505817e-01
3.810147371299958674e-02 1.297245163216870223e-01
6.015132319007644723e-02 1.354169438940283354e-01
5.664807991298447670e-02 5.224038381393094482e-02
9.709308945613018271e-02 -4.872834234340700510e-02
1.061098346375069224e-01 -1.490911217072374839e-01
1.314781593038865659e-01 -1.444341773210937992e-05
9.496516246630855307e-02 1.199596617430431361e-01
2.138117461394751714e-02 1.314846690375486848e-01
8.349537294578900093e-02 8.345618282054564907e-02
1.461948072599854598e-01 -1.807353314266729651e-03
1.340226730801737376e-01 -1.042584557641401261e-01
1.302203821845195619e-01 -9.085679689232994960e-02
7.682137886279168104e-02 -2.487584519576213626e-02
5.900008645608349755e-02 8.683094216307075952e-02
3.494060503182335603e-02 1.309978531689868775e-01
7.010792512986084579e-02 2.257508195701269944e-03
1.181691356515480601e-01 2.732989418121897773e-02
8.629288485069337711e-02 -2.374595164108422071e-04
6.126885762039318423e-02 -4.260178916365445906e-02
1.011042239504507806e-01 6.836966603943787912e-02
1.381763418549550038e-01 1.199393970531878982e-02
1.107187522280592279e-01 1.018751693101509342e-01
1.057941829402447020e-01 -1.896924491975699465e-03
1.317242718928051393e-01 -1.612446929600364759e-02
7.128549695892938409e-02 -3.919580757807063914e-02
1.378545200231381385e-01 4.100390045361103353e-02
1.246465051233785620e-01 6.427837011350111263e-02
1.449919800828192440e-01 3.651766486031475783e-03
1.569256553671163346e-01 6.166178648756085595e-02
1.747901862414947272e-01 -3.148922800948118772e-03
1.660000902613392171e-01 8.479384783517787683e-02
1.855647391605154406e-01 4.027804002376320081e-02
1.835462514404984924e-01 1.170128498640499726e-01
1.698936949184803868e-01 7.761026596797913901e-02
1.864110665369479169e-01 1.356333486697562608e-03
1.954342644209219049e-01 1.540338437294270224e-01
1.968136907659370771e-01 1.120109772659665243e-01
1.767227298984016259e-01 1.422213911245745199e-01
1.954849832425804845e-01 1.131319460545087835e-01
1.983131694790310762e-01 1.700825620864817589e-01
2.050260235823604948e-01 9.843728596226622440e-02
1.668469407074085753e-01 2.692508343636493967e-03
2.190467114976566987e-01 6.008865505731936099e-04
1.925520934181506882e-01 7.595274917724816055e-02
1.365638803310336292e-04 -7.129974810097233079e-04
1.179461508070739535e-04 -6.070590546221550686e-04
