0.000000000000000000e+00 0.000000000000000000e+00
2.522833491560862867e-02 1.453398622428896114e-01
3.038100957261173629e-02 1.252708787682073055e-01
5.631181919828819049e-02 2.719170505128456344e-04
1.102241482449016485e-01 -1.189590803355980719e-01
1.564784844723094565e-02 -7.236668017124937846e-02
7.875242559995500324e-02 2.706515149824431990e-02
1.677747757105906359e-02 1.133350761201477874e-01
1.754905984837937249e-02 9.417122239443963261e-02
1.228842494360884580e-01 -7.239891013431562494e-02
9.313534464068670693e-02 -1.504735228564497429e-01
1.099732344309844317e-01 -8.048052718371348502e-02
3.090146282089855506e-02 1.060032646356724034e-01
3.180225087833566527e-02 1.684715005500410645e-01
1.641443335661095168e-02 1.283499619281593396e-01
3.207947289519953032e-02 -1.212585991580052321e-02
4.755144834738870424e-02 -1.487705986105025413e-01
4.618404676723837643e-02 -1.354738032479487764e-01
4.923490702467054475e-02 -4.452863262801760175e-02
2.948882562122963000e-02 1.398771589212399191e-01
9.332439430745331430e-03 1.586594578427455438e-01
4.173266644016656451e-02 9.312477933522859963e-02
1.752833200349612763e-02 -1.070948177781823468e-01
9.083462380664500402e-02 -1.331994376325791596e-01
1.777323418559010812e-02 -3.845949857027208818e-02
6.741173955562697329e-02 1.372329457943990694e-01
1.916751851895988346e-02 1.447378234784373052e-01
1.901909266368661741e-02 4.651069589313656244e-02
1.811330409990852611e-02 -9.497532802900975069e-02
6.070511478711181075e-02 -1.139489698657769196e-01
4.310958103943571262e-02 -2.716151452413684188e-03
4.258567536978841855e-02 9.917397568528013574e-02
7.014131745279423950e-03 5.486191903623795912e-02
7.720997802834943247e-02 2.547807739851583320e-02
5.384552433907020125e-02 -8.280350028326839695e-02
3.569236545718726394e-02 -2.007472378411870664e-02
7.459772429382389991e-02 1.906021741142959868e-03
1.909097594088958808e-02 8.080353358963074384e-02
7.690090344672856348e-02 7.571617498093405341e-02
4.170281606845572392e-02 -5.762830934999952498e-03
4.529685093589515960e-02 -1.027382157322603989e-01
1.325872099818388612e-02 -4.493126969942916327e-02
3.431212813630976632e-02 8.522767288191734902e-02
2.555432907149964017e-02 1.440221797729708542e-01
3.071013054680270943e-02 -9.007506943092739513e-03
4.036317814645581925e-02 9.222083939074671166e-02
7.547201194075885133e-02 -5.054463976466114228e-02
7.405930022500034626e-02 -5.184665164961015094e-02
5.278341371332598286e-02 -2.513114156475779182e-02
5.390358573641950563e-02 2.041828941535288322e-02
3.138955320677415395e-02 9.021515366646248868e-02
3.398496713495056942e-02 4.215520152614214006e-02
2.798159985284898524e-02 1.275457230242982576e-01
8.697446709220517380e-02 3.424936319938463869e-02
3.962773083804640994e-02 8.155977836871949882e-02
9.440835594553498300e-02 9.531797278389816941e-02
6.709330771036381424e-02 5.360614420018387088e-02
4.492606303703074871e-02 1.212134297221868218e-01
9.689756283772113510e-02 1.469603843798096832e-01
3.104138285606166878e-02 1.488725346895760637e-01
2.245014976460076028e-02 1.054181943491381140e-01
8.411208205529369444e-03 5.946184171768206794e-02
1.286114238044525071e-01 1.813773219441942863e-01
9.186599908534284764e-02 1.676511001977422921e-01
5.977519605690595483e-02 1.470585663796921405e-01
2.881996324518547661e-02 1.181942629641680037e-01
1.107039276279021128e-01 1.663471466567653656e-01
1.859652903114420441e-01 1.452141894831999180e-01
1.652230530187477897e-01 1.695654401553601531e-01
1.232023079234884771e-01 1.737263618180311664e-01
1.479779190532454769e-01 1.322697131091624678e-01
6.622542148079925417e-02 1.699011405070318115e-01
1.235988575708963366e-01 -6.628416851248412900e-02
1.387958390787436269e-01 -3.160646592281809997e-02
