0.000000000000000000e+00 0.000000000000000000e+00
2.156676405658438864e-02 -1.645698742953619620e-01
8.090164684859711686e-02 -3.168867083508365018e-02
1.267542431537777882e-02 -7.696554505022765169e-02
3.033011164784062824e-02 -1.558177886555728031e-01
2.408515669018141889e-02 -1.564057726568623685e-01
1.276134824732855395e-02 -8.556644912521239876e-02
1.815165163719910379e-02 8.388264423856326649e-04
2.209122271206026208e-02 1.643985094697230365e-01
2.006759819918587165e-02 1.259068259805834755e-01
1.538552656214951971e-02 3.570259952578618001e-02
6.386491878156710933e-02 -1.644733490108980789e-01
1.071537104168176699e-02 6.330543903903108720e-05
2.626686610810293615e-02 3.684295091467396132e-04
2.466006371575292858e-02 2.244700659850786179e-04
4.187697813518839740e-02 3.921086237420272737e-04
2.977308999874687251e-02 9.828185584143779921e-04
2.629066278735517001e-02 1.823361824902564876e-01
2.110368411395915217e-02 1.519249717775711661e-01
2.003511036336652618e-02 1.190933406590616583e-01
3.748352594180750542e-03 1.498010893555009292e-02
1.620845270804010738e-02 3.614424803070034387e-04
2.125622261201627963e-02 6.028933879328179056e-03
1.139981920323079878e-02 7.621700102798882603e-02
1.954034763460345617e-02 1.460204523392671094e-01
3.833864233586346815e-02 2.885996838238319515e-03
1.728898636448232204e-02 1.134402127389646728e-02
1.335521565046438736e-02 -8.965123119434956211e-02
3.504244527581402979e-02 1.509061422129984176e-01
5.465525163433963829e-02 -3.422828014976560186e-04
3.300208369950884124e-02 -8.190429005440858857e-04
1.647695872791486368e-02 -1.088507037121744098e-01
1.763088684570056699e-02 -1.750334205941256381e-04
2.417905399741556924e-02 3.661870050160449114e-02
4.401400676460878042e-02 -5.255852947449396462e-02
5.114046993041905520e-02 -1.262287435825636406e-01
3.751947052427780788e-02 3.981139846383292824e-02
2.206753690320192168e-02 1.500117911588959574e-01
1.892509902243970712e-02 1.409634010540692650e-01
1.780880019740518558e-02 1.273787550585191164e-01
3.746476346875236146e-02 4.472238153792875044e-03
2.157012567549434004e-02 4.500205297387275248e-04
3.307906203681713203e-02 -4.721217110755831961e-05
1.581137217204512530e-02 -6.311796902797785214e-02
2.136604324931397000e-02 -6.125995516282176090e-02
1.700315224814986231e-02 -1.281144666959639911e-01
1.793601527063421949e-02 7.756140512925027708e-02
4.484164454059406252e-02 2.214389136268077427e-04
1.193456285054666222e-01 4.125105526761506380e-02
3.226440018402592508e-02 -6.094855491594761143e-02
4.338325935375728776e-02 4.224232677160084937e-02
4.362835735310937463e-02 -4.834484530982640781e-04
5.832734973216090191e-02 -1.190434014728360829e-01
4.672072539079995257e-02 -1.209226846324370080e-01
1.091228146831730965e-02 6.359968018612152663e-02
1.419270837874211412e-02 9.948907436282355965e-02
2.434638370580003569e-02 7.948879971754460594e-02
2.646290749715219867e-02 8.020058424926148136e-03
8.003239433532066682e-02 9.689962199650540555e-04
1.109256563150864822e-01 -5.733125121322030227e-02
1.095346492403839224e-02 7.981696036969808394e-02
3.402458496395821541e-02 1.291320078617693434e-01
3.517136627195044385e-02 1.374268231373037552e-01
1.016971540543383790e-01 1.697678247872386539e-02
6.354394395108804716e-02 8.972764534803166769e-02
1.253940818902449239e-01 1.555831831380554420e-01
2.506307301671882592e-02 1.186969718350648212e-01
5.650705739471507255e-02 3.401306312197678182e-04
8.504880828602379150e-02 1.442366869283396302e-01
1.469474101079037975e-02 1.132341881986409643e-01
6.350964521228530391e-02 1.289645020077493653e-01
2.283038115812025329e-02 1.449171014185313133e-01
6.575633684582454959e-03 3.447774124910411853e-02
6.465949556188066438e-02 1.079886547601542901e-01
2.834273210512249300e-02 1.588252116603220687e-01
3.218922819688269793e-02 1.563858436899409343e-01
3.002783733313827211e-02 1.799488369391553377e-01
1.204156620306598008e-01 1.321092926644552024e-01
6.999480302781831143e-02 1.144347700426795054e-04
7.308202498069112096e-02 8.319581975020194295e-03
5.763474875040169865e-02 1.972583824636083838e-01
3.484755011205525888e-02 1.567546338983096532e-01
4.626654072746936436e-02 1.168394048915660788e-01
4.281274715601150749e-02 8.430848886925965124e-02
4.881055869634366717e-02 -5.483144622601372276e-04
3.355070829812909633e-02 1.903082272089627880e-01
1.225265637507156752e-01 1.553733704081021461e-01
3.971421812507216348e-02 1.810648623594062478e-01
5.858601038144860274e-02 1.735690857043536983e-01
1.951564150081533389e-01 1.688484695246271761e-01
1.457645266457889000e-01 1.656639663179673982e-01
1.268540756208672848e-01 1.838092133174961673e-01
6.034395043364691735e-02 1.026738928415631613e-03
9.243127884044093079e-02 1.745133716377984534e-01
4.205507471693986643e-02 1.745370032886839340e-01
2.367868336537843482e-02 1.790564337361832958e-01
2.163836807045411981e-02 1.659225396921696905e-01
2.126813121805641582e-02 1.329917435275893142e-03
3.094777449901826502e-02 1.726153281629380920e-01
3.656357753038363967e-02 1.752750522316181558e-01
2.449499354640517768e-02 1.857333853718281247e-01
2.559172192967532761e-02 1.932836183836638966e-01
2.413877668292923814e-02 1.831424558229089172e-01
2.655734381959821630e-02 5.491220335723668439e-02
2.289082628393016364e-02 1.741481861248128926e-01
2.281071227375104996e-02 1.745792350768423928e-01
2.211249467689738180e-02 1.678383967836563073e-01
3.501881573233954492e-02 1.547418669604344044e-01
1.941738588468396379e-02 1.450141737640139317e-01
1.600214114548354633e-02 -4.783623999981326372e-05
2.608933229449908464e-02 -1.550691308092929099e-01
2.463470662511753340e-02 -1.437454342739136193e-01
5.165127409221662719e-02 -8.982305237013255006e-02
1.627059047973222414e-02 1.061360559502013412e-01
3.673126761916611915e-02 1.407897637022676330e-03
3.389842778671244006e-02 8.877483582142059459e-02
8.711409347544618598e-02 -1.487587167755302642e-02
1.124101223236362301e-01 -1.761634529116686346e-02
4.138968917760438987e-02 -8.566821241017504637e-04
6.114942319105862167e-02 -8.124492859580043080e-02
3.138273749474757707e-02 -3.449132625396846008e-02
2.851818536142687599e-02 1.105381536754923982e-01
2.253843084051081538e-02 1.599449241495648488e-01
2.367947680255367074e-02 1.398187403137076401e-01
7.158284619533614168e-02 9.032825093401886107e-02
7.096212473160050382e-02 5.405310690201564714e-04
1.285978919115261451e-02 -1.429971649702027571e-03
3.623949898184576635e-02 5.722929021433584285e-02
5.263606535004915210e-02 -9.980724165714725018e-06
8.734446358262776267e-02 -9.870074454523944038e-04
4.613610754557768978e-02 4.250914829279564544e-02
4.363559283493653046e-02 9.993788522027353960e-02
7.587865441681061751e-02 1.023872151816591913e-01
1.269618084446229866e-01 -7.951164291306076848e-04
2.385488754987157359e-02 1.025875171727899243e-01
5.586311926250217552e-02 8.234711716543539894e-02
1.107980612434921325e-01 1.184862188751179546e-01
2.258748205332540906e-02 1.534837326351169706e-01
6.782117916389281131e-02 1.595880348121997139e-01
6.423051755151290565e-02 1.213888171130594329e-01
2.452689001578709643e-02 1.609560524374805124e-01
4.343025193743601381e-02 1.306285368844213868e-01
2.611936433805554444e-02 1.755035230754705966e-01
2.407225362272195218e-02 1.797656092992657717e-01
6.803316055545081953e-02 1.618326822660021147e-01
2.421387817261920483e-02 1.629359414101128056e-01
6.906985465318332684e-02 1.893847200243059803e-01
3.867542200558329868e-02 1.768131090936702343e-01
2.055239150152535221e-02 1.543519944673429345e-01
6.240827145455422192e-02 2.585446445198529841e-01
