0.000000000000000000e+00 0.000000000000000000e+00
8.076880059172214521e-02 8.511933303468045831e-02
4.336436816173285663e-02 9.924264284856255947e-02
1.259793916851512929e-01 2.556648409823997214e-02
6.891964703253322666e-02 -4.301892282216408098e-02
2.909718502139348184e-02 -1.205462905976004556e-01
3.948616646183995132e-02 -3.551198363665112462e-02
3.899410010519181735e-02 9.597062274431693296e-02
5.020200769122208639e-02 1.188654961511206448e-01
1.098087723907909818e-01 1.887165103890795642e-02
9.331065438755234420e-02 -7.638753689110365508e-02
8.979726415106401016e-02 -1.134270804783370501e-01
5.017359634287710257e-02 -2.696806584726326936e-02
5.530475793232738496e-02 -9.985795871389675261e-05
6.892900349394324999e-02 4.606052612703499805e-02
8.659794119714128713e-02 1.490401838422540648e-01
9.744634962736122008e-02 1.363885561224501830e-01
8.185067182531440000e-02 1.114578232468947105e-01
9.748112931317134966e-02 -2.923760754258997174e-02
1.383738558552456976e-01 -1.306229746422946369e-01
9.314036226313279765e-02 -3.494993352370931450e-02
1.151566336373072430e-01 8.993341630000920017e-02
7.613908714062747607e-02 1.428826979804750374e-01
4.762728149021017675e-03 3.293524892762654532e-02
1.232840210544197956e-01 5.652661939166882255e-02
1.038837192912196589e-01 1.770233571382365755e-04
8.796236036498820965e-02 3.454431968188621110e-02
5.934777663201176723e-02 4.186714369193774571e-02
5.792677751545822346e-02 7.501107778761367806e-02
1.543485104733897106e-01 3.484390109465467650e-02
9.693279280157360289e-02 1.090508419442519535e-02
1.112079496684663521e-01 -5.185473733519314898e-02
1.303063596651836964e-01 -3.330751246766874905e-04
6.882965661211896957e-02 3.230042221530152191e-02
1.078584396209383844e-01 8.164054422299699132e-02
1.227445749834069205e-01 -8.679944673286213008e-04
8.023515190602104052e-02 6.073013092545744701e-02
1.422817087029761562e-01 9.392056325707894004e-04
1.299966032004923888e-01 1.228408935022340430e-04
1.447251939869668991e-01 -5.182619155613847942e-05
1.236957657071618977e-01 -9.631056300711114682e-03
1.698669181330528521e-01 -2.849137185841721723e-02
1.358712241972932222e-01 6.270613840395394302e-03
1.494974335275167932e-01 5.351738258636117712e-02
1.292281011188951556e-01 1.233941106023794393e-01
1.848324331497380457e-01 9.681230817631815422e-02
2.152477708412275925e-01 -1.758624781814076016e-03
1.962388359640447055e-01 1.562510077552921317e-01
2.234710768062193320e-01 1.927682349555085405e-03
1.769673029968184819e-01 1.029188673056240233e-01
2.241519525978833138e-01 4.097844476363828275e-04
1.982952155977234232e-01 1.319065416090240694e-01
2.119116229670608975e-01 7.569177452568201514e-02
1.940067647589764355e-01 1.381170051983204861e-01
1.953574539482589578e-01 1.830947593411573759e-01
1.942456934456900930e-01 1.647447305568756071e-01
8.135492285477922969e-02 -2.675736736628759327e-01
1.420755926732403772e-02 -5.274190672277401237e-02
8.519905851451648317e-05 -7.212314040104808794e-05
