0.000000000000000000e+00 0.000000000000000000e+00
8.956863536495723518e-03 4.414035950163934519e-02
3.828837940856907873e-02 4.695899571160587482e-02
5.119993624258362824e-02 1.108762442031137069e-03
6.140339038991378395e-02 1.086402491832431970e-03
3.900419536088451516e-02 -1.301996591250261736e-05
3.258963669213592318e-02 -4.415504530812079664e-02
4.260261770522425634e-02 -5.028936434812215223e-03
1.403224004008066586e-02 1.903461828836294778e-02
1.878829141292887722e-02 -3.698574483996612799e-04
8.964857322715502619e-02 2.924374763886695289e-02
2.800470760235243550e-02 5.137521762220923632e-02
3.353920461836203820e-02 9.383065410145824403e-02
4.483659160674276917e-02 1.309349405531149042e-03
3.588652947907832597e-02 -2.556096648977816341e-02
2.766901786703881982e-02 -1.194016063558188401e-01
8.399669894265636427e-02 -2.423921840539900938e-02
2.918090968462707518e-02 4.538203177523306847e-02
2.607109762674602801e-02 9.068200055562154749e-02
1.176372921613313277e-02 2.456790346745819052e-03
2.063904100585133711e-02 9.835422280822024539e-06
3.353062217759409519e-02 -5.843630357447652038e-03
4.281976193508180845e-02 4.294024674993971585e-02
6.688216449262511173e-03 -4.517316289599967657e-03
3.221894588811732157e-02 -4.485731191347004654e-02
1.716304980809637074e-02 1.000986414224859337e-02
4.569899967014721259e-02 1.330922427535240725e-02
4.185264406137708532e-02 4.887376550203524628e-02
6.738125560798757796e-02 1.239527898829847694e-02
6.421126331370992368e-02 3.007744575598603892e-02
1.431143674911089236e-01 4.287689232279438822e-02
4.638846028098275037e-02 1.531120312659578313e-03
6.435857430502048282e-02 8.056054141550789745e-04
3.455263640045477813e-02 -5.240806225407017988e-02
2.020213571705707992e-02 -5.215513121110855466e-02
7.141306499532712460e-02 -6.250162359510705139e-03
2.681485247438696040e-02 7.642050396593293160e-02
4.958728744906101826e-02 1.162165188594035531e-01
3.898121747179324886e-02 8.732425775252032618e-02
4.256204716001165539e-02 -2.075943969985769716e-02
1.138750917583316036e-01 -1.112305912476610481e-01
4.796538378696107996e-02 -1.098739487373722873e-01
9.087617072785364458e-02 4.375448653798642840e-02
2.247278963880470007e-02 1.144916846258202253e-01
2.606091846611309493e-02 1.319544550505978853e-01
6.085887157358525756e-02 2.925361545668870786e-02
7.632840064937199132e-02 -3.505226805529114420e-02
5.987918301700385915e-02 -4.581775459909905035e-02
8.970275045217730725e-02 3.365831820767559851e-02
9.214429096151180443e-02 2.902192947415890498e-02
5.846527683942265297e-02 1.218770978317825771e-01
2.314736373534590982e-02 8.622975538507253457e-02
1.072101944430884773e-01 -3.923241681537029124e-02
5.153218097295299976e-02 -9.653318844996222614e-02
9.126043189089026730e-02 -3.509655665990828871e-02
4.021270669376981327e-02 4.333777778339572076e-03
5.736463224974745756e-02 7.640592892297697059e-02
5.837071604579989470e-02 1.642688764936830678e-02
1.932825759918646233e-02 1.032051207481032504e-02
6.957263514694149442e-02 -1.537733367906164792e-05
1.560435397651104006e-01 4.001263534024027124e-02
1.761354997759156937e-01 4.768150511305405126e-02
1.513985285920325385e-01 5.973986568268199737e-02
1.686943479329141848e-01 1.086403901262624101e-03
1.763100580838832254e-01 -6.410956022006047582e-04
1.856424533747039474e-01 1.394906026096955987e-03
1.750544741799428816e-01 3.887127624563878683e-03
1.800729998475742721e-01 1.050009634959890858e-01
1.760528065749304982e-01 5.636028001333798915e-02
1.884489339593271584e-01 1.605428550796597353e-01
1.932561853165738475e-01 6.984635196286226311e-02
1.892374787965397098e-01 1.496999821827007249e-01
1.917606360948432287e-01 1.269483233207343020e-01
1.903330878941787430e-01 9.516319995873243065e-02
1.922719892181115331e-01 -7.437936573653962380e-02
1.820939061758491406e-01 1.127777295525032777e-03
1.943506443569683051e-01 2.740296282587501020e-02
1.916071894399172526e-01 -1.526352563356890013e-01
1.189225741788443452e-01 5.188241048949325807e-01
1.193581201950755465e-05 5.823024680930179967e-06
1.601397016764763483e-05 -2.334029032711501026e-05
