0.000000000000000000e+00 0.000000000000000000e+00
1.314451997787995964e-02 9.106402370036242866e-02
1.712760370389658504e-02 3.034506190756421778e-02
2.680550417140093247e-02 3.523990932491039701e-02
3.153959413297136721e-02 3.369812167453160954e-03
8.518231424947867933e-03 1.682743904952993183e-02
5.690579766954832752e-02 6.698700175081315905e-04
5.082330916630220519e-02 -2.493548151572141935e-02
2.934474979082376395e-02 -6.849424990871397223e-02
1.661983822774108430e-02 1.945490368291347832e-02
8.818475957486407099e-03 6.493169713537469412e-02
1.573410546575594940e-02 5.139515554812994040e-03
1.387783536433789995e-02 -2.039078041048460882e-02
2.821047713174441168e-02 -4.872952853524827044e-02
1.221127010907568401e-02 5.568859068814512731e-02
2.008373266697029147e-02 2.899121564282943278e-02
7.291783489496392323e-02 -1.418593206130346410e-05
4.830207317125551764e-02 -8.684979641080276544e-04
1.981755452314597904e-02 -5.696852778688535346e-02
1.490570579139347158e-02 -2.612784023537523541e-04
6.415224363640085678e-03 3.989826615488559908e-02
5.287272020699162328e-02 5.057202673341466836e-02
1.461201939966869263e-02 7.171841727765687624e-02
3.013041011197390914e-02 1.231612073931163476e-04
3.788345658821978823e-02 -5.788643680258051538e-02
1.712105730003102289e-02 2.331609631443298230e-06
5.860715011781263833e-02 3.989498400548884688e-02
2.847334697256292263e-02 2.299358410494103250e-02
1.367525238990089861e-02 6.315604224568005520e-02
3.268916982066563670e-02 5.527975548382479953e-02
7.932540930231145315e-02 -1.188029409549598049e-02
4.391451068628173665e-02 -6.613776197530539525e-02
5.085758659321678449e-02 -6.630300077920120438e-02
4.578286647130529879e-02 -4.157384244227133063e-04
4.588744990116363359e-02 5.296707007468270945e-02
1.833754715640924585e-02 9.536871842053579185e-02
2.404238682040622452e-02 6.316844135053255316e-03
1.078600876535412562e-01 -1.284559506996403588e-01
4.582517171336607936e-02 -6.308076230946148277e-02
3.191660564862909555e-02 1.215734616597902440e-01
7.055783822251393556e-02 1.466059198705975397e-01
4.387689699321586922e-03 1.568298840536134922e-03
6.946458637164650007e-02 -2.061085891843911916e-02
4.052077218566878247e-02 -8.918344220260125688e-02
2.291795588061065758e-02 -4.380586971492851645e-02
8.226178368671466234e-02 -6.470208550664567626e-03
3.195269131652097444e-02 1.136247955758243194e-01
2.517461255255257213e-02 1.449478194498081962e-01
3.658327998492588023e-02 2.641059682066515643e-04
3.094471590943911193e-02 -9.087000826079930094e-02
5.580095894249249844e-02 -6.969428152939075027e-02
4.509155387399915033e-02 6.521415235138126876e-02
5.218000699748580329e-02 1.026765687870212218e-01
7.760141545447620144e-03 -4.452354585570063739e-04
5.039456213422924963e-02 -7.318783801210306146e-04
6.816882505907410905e-02 -5.678632219766144990e-02
5.668541301209299721e-02 -8.612871250101304709e-04
2.455950695245147364e-02 9.997691702748199433e-03
2.476044929604067149e-02 8.817453088990269416e-02
3.309757103561322689e-02 5.882181906192737036e-02
6.216287241387731533e-02 2.603927502189789232e-04
5.401021808846912658e-02 -1.534472901014927431e-03
6.439176572406835053e-02 -1.305305558426814432e-03
4.990918987192734940e-02 -1.092623856300315626e-03
3.243727824825622108e-02 4.124150111424480097e-02
5.860313602671734373e-02 -8.907482798540415636e-02
1.139308464786923381e-01 4.975830346700006040e-02
4.573971091019288226e-02 7.142062368483073631e-02
4.145358262752949635e-02 1.119598620180975584e-01
1.387096783385444523e-02 8.734570748215042535e-04
4.454378497277833304e-02 -2.236889521244605702e-02
6.947282963674225598e-02 -3.951835726933310838e-02
2.806548813414785210e-02 -1.272753503139852430e-03
6.135050775465345635e-02 -5.231022757028301476e-04
1.024942988045234454e-01 9.205849537625944087e-03
1.785399442690633817e-02 -5.376244664889172874e-03
1.857297969524722772e-02 3.207001515407623821e-03
1.088271753251850160e-01 -1.904867850513011426e-02
6.122411126502182860e-02 1.026686224580281546e-02
2.386497918336331209e-02 8.275312478515636783e-02
3.913862502849007469e-02 4.251267482672730350e-06
9.815518129566599970e-02 7.123195378791533213e-04
8.321856697656279667e-02 5.315602452350927983e-04
7.176616403527075194e-02 -1.723500890625732020e-05
1.318156782779898728e-01 -7.171008632316279181e-04
5.071126627861682196e-02 -1.654999051656120407e-02
1.426136283053621445e-01 2.558172978075493910e-03
1.354789451559067770e-01 -4.141518764742428693e-02
1.629566857327786611e-01 -9.332172653099532261e-04
1.850125176858244125e-01 7.273928120771146373e-04
1.496381634496495305e-01 1.387981076106491185e-02
1.370470858280120052e-01 7.788377726490125497e-02
1.834820755665859393e-01 1.348240482018149833e-01
1.891815597873394983e-01 1.723107292590853601e-01
1.980538002477069404e-01 -6.224979075688428457e-04
1.540594465376033395e-01 1.711204011189667272e-03
2.152042061686539887e-01 2.197542815642365959e-03
1.957254796868305724e-01 1.149188888829347360e-01
1.970860875224509368e-01 1.364124263083160149e-01
1.884634409740985339e-01 6.685551161845636192e-02
1.863314615611155467e-01 -2.867119471989869502e-03
2.034195607441041942e-01 5.006618842530943803e-02
1.280704432501668412e-05 4.740538986080011941e-06
1.952837592853659453e-05 -5.222821562014648194e-05
1.634881905223588527e-05 -1.738214663480092085e-05
