0.000000000000000000e+00 0.000000000000000000e+00
2.999657152209535965e-02 5.363993009887792901e-02
4.034777755446208869e-02 6.491043046885275336e-02
1.119512334097212507e-02 -3.680627480955153685e-02
6.577518694415142309e-02 -1.087972610722090505e-03
1.339334222652853283e-02 -5.897311278799946543e-02
5.265615825021727203e-02 -8.655311349307910455e-04
4.973384423803519500e-02 1.197043520962011304e-01
3.356028706907890347e-02 4.673760745804254185e-02
3.730758177310915941e-02 -9.368899922703182934e-03
6.150011424668937882e-02 -4.911609027246779946e-02
2.489078413459267641e-02 -1.165547887668727661e-01
8.398926527740903369e-02 -1.761246230567246654e-05
1.822834194229268345e-02 8.280358829531600517e-02
1.739982316129394871e-02 1.087133090347290609e-01
6.064991897643946805e-02 7.641645031837979163e-02
5.048670166776380447e-02 3.417118230090265046e-06
1.569018106985411651e-02 -5.846518096935518494e-02
2.518768885999662574e-02 -1.610782271968150617e-02
4.337255441073965823e-02 -7.549825911988430893e-02
4.284239608566508400e-02 -6.347537009211223769e-02
3.267857684620133034e-03 6.791512724494011641e-04
2.538936853599329038e-02 1.031548566692108149e-01
3.404508822855484285e-02 1.140314150502006046e-01
1.394428181898194410e-02 6.774687975600075796e-02
9.593465131594525186e-02 -1.028990828865716453e-02
9.856977170327424487e-02 -1.210813499094034185e-01
1.016523084333732646e-01 -6.800047035291187369e-02
5.655348285752427595e-02 6.739269369487620176e-02
1.999753175151914447e-02 6.779398524595911524e-02
4.235957768556412179e-02 1.097038133246962810e-01
5.780578545309357497e-02 9.808144350985377458e-03
6.915068040817902439e-02 -1.135738707330709307e-01
9.252499422592642964e-02 -8.790933413010063036e-02
1.171155551069513051e-01 5.919528844420875180e-02
2.331692652710021588e-02 1.265276353897180073e-01
6.271141706685585959e-02 8.758388386330047404e-02
7.127562704982097486e-02 6.640187795775671573e-04
1.310281256520112458e-01 -5.348317338974775681e-02
4.245405233115235460e-02 -2.028802205728212973e-02
1.863211462311963051e-02 -1.916757362025833965e-05
3.656099856241856044e-02 6.099173623867469585e-02
2.478049654707062399e-02 5.388964712504296789e-02
2.727539851086748998e-02 2.299444553072559744e-04
2.630391304154030413e-02 -3.075768523659555553e-02
3.269108633896865290e-02 9.956445937883426703e-04
1.078388626949842027e-01 1.901029520042111023e-02
5.814502670796727057e-02 8.789371505863402545e-02
3.570853135304374870e-02 1.281668543268356386e-01
4.390125884406621826e-02 5.461285604776346808e-02
5.774175776190812459e-02 -7.879784457054238994e-04
1.013828867204940448e-01 -1.090576524948981135e-01
6.848736650704455309e-02 6.817585313688378362e-03
5.935193565099618207e-02 -6.636771271659422378e-02
6.477930793697206369e-02 5.471100421062397023e-02
3.833954404267859301e-02 8.280457528128302991e-02
1.087651128173339199e-01 -1.252742663879541233e-03
1.078628418536889261e-01 -6.487378877375491674e-06
6.094266298362914502e-02 8.870348053015948090e-04
5.381387408838397141e-02 -2.407135377106779314e-02
1.175992805219278764e-01 -7.455971213809822751e-02
9.676708208136131084e-02 6.748131552326021299e-02
4.886194007480625101e-02 1.027608529137698790e-01
8.704131910592262378e-02 7.390609551156507306e-02
1.266241151052760749e-01 -5.161505102530052069e-02
1.654222372765179194e-01 1.368497740525458323e-04
1.816482407822299916e-01 -3.658262702872663863e-02
1.623685139371641162e-01 1.530556853368107706e-02
1.706993973315247548e-01 6.552806130371980629e-07
1.609358359087619816e-01 5.058667994819194408e-02
1.754159399640156936e-01 1.024656171226231982e-01
1.625310339479313637e-01 9.629501324312689237e-02
1.929132442856436036e-01 9.939994741285228252e-02
1.916563246507875795e-01 9.861101333949220948e-02
1.811555118855765201e-01 1.285640262579371695e-01
1.803996963902347317e-01 6.036877116991175990e-02
1.939765693788838286e-01 -1.263722256926139709e-01
1.970890160415121606e-01 2.261280745150598404e-02
1.856459818146543039e-01 3.789494200876120556e-04
1.905718828300292655e-01 -1.142855453145545097e-01
1.949713581585726385e-01 -2.845790279942800316e-02
3.320385997899365487e-03 1.534105856211745098e-02
1.031198582149206316e-01 4.402474611239739488e-01
