0.000000000000000000e+00 0.000000000000000000e+00
3.278962636625788740e-02 1.496659024098646040e-01
5.605214357295692368e-02 1.523875331253293497e-01
1.108873448209232310e-01 6.735044416236560250e-02
1.035150560170721573e-01 -6.830222056589864248e-03
1.707332337729498828e-02 -1.074658850981001085e-01
6.241574172815374244e-02 1.653895916019181844e-01
1.031984727772648075e-01 3.446168598849416558e-03
2.551709176083837363e-02 -7.506430882143585309e-03
1.109639796493795405e-01 -1.406408598057306836e-01
1.103991410395977896e-01 -1.343689960199998257e-01
1.899907683123767677e-01 -7.039348723727206379e-04
1.324405372494860955e-01 9.994833749702443371e-02
1.742593658231429699e-01 6.112241929419157116e-02
7.100376692148195612e-02 9.769360086437090115e-05
1.708512640333202937e-01 1.279802999530343099e-01
2.003432890613644490e-01 -2.147295506743143994e-03
1.378620286661123573e-01 1.823735402198258361e-03
1.413113865012516346e-01 8.841449349151662973e-02
1.788236759743011273e-01 8.930970218451468167e-04
1.592109552855854038e-01 9.441855966849914015e-04
2.225213696886801651e-01 5.434064175640166208e-03
1.965727574836907965e-01 1.125337511144264002e-01
1.958113757424454204e-01 1.698484342943555325e-01
1.907514825863811936e-01 1.624555852550084167e-01
1.964241095449500429e-01 1.815597618487045928e-01
1.774392938408793710e-02 2.432863005959373843e-04
1.596060248623902555e-01 1.590255512657336445e-01
1.811648286851524348e-01 -8.154681522762924524e-04
8.330535957326314078e-02 1.521230466600417552e-01
9.179833374197736429e-02 1.720960530837914752e-03
1.095687262801669504e-01 1.761324231691172304e-01
7.931730865223807214e-02 1.780582015217101188e-01
6.294706870989694170e-02 1.727936685886609924e-01
3.326980964019622677e-02 1.552367575164128322e-01
1.071222147060231326e-02 1.750303990963432976e-01
2.581984971597256484e-02 1.724007028650098028e-01
2.288623982213911986e-02 1.734390972759519978e-01
2.246356501786057891e-02 6.020527685618026759e-02
1.556043039231447440e-02 -2.255059900508715298e-04
2.486455575845286300e-02 2.053141741643560014e-03
8.417822809284183222e-03 6.215930473495812070e-02
1.205619378437986118e-02 4.496291769159988655e-02
1.270456696858475801e-02 -6.993816106047950898e-02
3.578848600887037101e-03 -2.227355060278636903e-02
1.907425414823190821e-02 1.457529811294510369e-01
1.735089418836328196e-02 1.280150880975418903e-01
8.768838015270587899e-03 4.513047495550921717e-02
1.583041965640555673e-02 -1.209614820494329807e-01
1.361678108986093087e-02 -8.397898355897324973e-02
2.551104736837700449e-03 9.824839701889936938e-03
3.706309931569653961e-03 2.682281847621435095e-02
6.982782643016537463e-03 3.739041783567248478e-02
4.040052521564477077e-03 2.876432184902297240e-02
8.863705398394211218e-03 3.400773729236378218e-02
6.290861539226520228e-03 4.440434007101402153e-02
2.507270833830901055e-04 5.842188976080158651e-04
2.041517989203208219e-02 4.839982122307509571e-02
9.158140074073777004e-03 -2.185367916136661190e-02
1.353819804265618890e-02 -1.024547560473628299e-01
8.044994637983688204e-03 6.035329710459855224e-02
1.152247697167588236e-02 -3.142106629649430577e-02
1.412460385357060082e-02 -3.443381825533402968e-02
1.482333255640306234e-02 -1.111944998184969391e-01
3.263968841103147105e-03 -1.303675226592099050e-02
5.081949510321314388e-03 -6.043966486128573169e-04
3.945582795298356246e-03 -2.549896267405317440e-02
1.342096972190041926e-02 9.512219699345206281e-02
1.571096385391685876e-02 1.147806696820835998e-01
1.171513721471511074e-02 8.671850902164281172e-02
2.134936639199268640e-02 -9.595910699488694861e-04
1.485352594188155996e-02 -1.162849115183683425e-03
3.597547845236101494e-02 -2.529525950901264156e-02
1.964154421177886911e-02 -1.475570664593404135e-01
1.402723905130868857e-02 -2.929143574659915511e-02
8.227189268192974109e-03 -7.576899237988077296e-02
1.035021363560172103e-03 -8.183313604744857058e-04
1.785075208253931317e-02 3.207640929054346142e-04
2.801261184139286486e-02 5.840571118086255314e-04
2.323458887438780915e-02 1.704531966871776771e-01
1.239997405192855458e-02 -2.286463681846620587e-04
6.670416905678288634e-03 -1.462611163066129339e-03
5.160643855182764361e-03 3.861982164516294383e-04
2.115674575202952656e-02 -5.713193009477757905e-02
4.418407099073429212e-02 8.077541891410995297e-04
1.779783916443311922e-04 1.255424108863139579e-04
6.095926794144390648e-03 1.528926543838808898e-04
1.736025519853091892e-02 2.778315142843122156e-04
3.345228753445826653e-02 6.641900626661850077e-04
1.094272597952859923e-02 6.334887478639545516e-04
2.329826101626468471e-02 6.712423429292638244e-04
2.092813097192392641e-02 8.093511847516321077e-04
9.626378728092399410e-04 -1.282246205746792848e-05
1.729256279884681252e-02 2.368412996355994532e-03
1.980452854498120085e-02 1.464450897851775069e-01
1.133696441376079618e-02 8.449897493306571250e-02
2.070779050741589772e-02 -3.504944819975202609e-04
1.149239068708360519e-02 -6.090371976301980905e-03
1.438898760393761238e-02 -8.570230871585801007e-04
6.761896504634023683e-03 4.061007416339443982e-02
9.654898370747528463e-03 -6.464095598492843606e-04
7.337022115122458776e-03 -5.354129616811408032e-02
1.590827169114330392e-02 -5.894491192905038091e-02
3.455712240337014719e-03 -3.079447179302138501e-02
4.019602640416508610e-03 -1.208359658289676021e-03
4.150413409391619061e-03 1.692524134225825434e-04
2.138398686595771592e-02 6.887496281165136100e-05
2.288861917787007177e-02 1.056556556574552302e-01
3.901846579072039498e-03 -2.600624739802215660e-02
3.503668763952602280e-03 2.396624989636552891e-02
9.449398090964166016e-04 -6.823775745591475518e-03
1.879467582158452638e-02 -1.135419087889397577e-01
2.560801736182620209e-03 1.226362430586263089e-04
1.119286305937107137e-02 8.432295392719373062e-02
1.075403399982951917e-02 2.568880077543038432e-02
8.181895828382051983e-03 5.823387073020003940e-02
1.180297820624885002e-02 -2.529221509705305532e-04
1.584902566338613605e-03 3.129166336621743783e-04
2.732187486642868434e-03 -1.855511739897780152e-05
1.043493857993032028e-02 -8.221685927455989196e-02
2.772164870715254376e-03 -3.567156456832996925e-03
2.797374256991942525e-03 -1.869897054376395973e-02
1.699106650362525259e-04 -9.291282170961216638e-04
9.468287627999408262e-03 -8.301988121774309115e-02
4.646715590320593561e-04 1.184386817103412872e-04
1.456042389153957770e-02 7.713649233036159319e-04
8.143195317589212515e-03 8.195139219874156278e-02
5.833414741450948689e-03 3.775234561928293014e-02
1.217595639325166554e-02 8.914768253609199611e-02
2.966583678505273561e-02 3.218834413512172997e-05
2.327616086110444529e-02 6.153817893210573767e-05
1.969263512460262683e-02 -1.241455293678087740e-03
1.486498166293748723e-02 -1.541152350679861616e-01
9.992324958939520149e-03 -6.358052774230882331e-02
4.653073998152203877e-03 -9.522722863138734922e-03
6.345841352462442547e-03 9.311575762671446283e-04
3.194618642022758939e-03 9.396961353058526324e-04
5.984249369138731596e-04 -7.542354897707581477e-04
3.824490009829247059e-03 5.026356391328077634e-03
7.806872231162251090e-03 -5.540542304076362390e-02
2.240524572100840474e-03 1.494341085684899699e-02
2.268430413099185167e-02 1.209109216711477808e-01
2.102857623953237332e-02 1.211210228427971880e-01
1.916612225382916803e-03 -7.246737449928216702e-04
2.169483918860331748e-02 -1.346713544628114489e-01
1.653987025086556956e-02 -1.265174252065771054e-01
8.565999976502293445e-04 1.047356059967005041e-03
1.609515060661913244e-02 1.209074995896294163e-01
5.795375315384659540e-03 3.233713164822159258e-02
1.866247559605152930e-03 -1.465362016286271031e-02
1.048911027097830864e-02 -6.761196635749947004e-02
2.614531966563677853e-03 1.033351228234886130e-03
7.721423140748270506e-03 -4.218871612608717653e-02
1.372671418317391624e-02 1.029819514987478507e-01
1.424888100340284541e-02 1.083917474327353164e-01
2.304655673714967740e-02 -5.307283354797122377e-02
1.979390733446951406e-02 -1.507986707235974000e-01
2.135030213127087420e-02 -1.337510435409643705e-01
7.618448547553070480e-03 9.206525839861042599e-04
3.328838286957178788e-02 3.469761468045966593e-03
1.884925191753855644e-02 1.418932987092803022e-01
2.711056820186521360e-02 1.591983895689600137e-01
8.159230805687887889e-03 5.488139780394423600e-02
6.860031529705446114e-03 -3.814408147904895614e-04
3.052879357436512342e-02 -7.621912612913218660e-04
3.892306253011140749e-02 -2.704558171284152362e-03
2.106186175535950528e-02 -1.497046662355188684e-01
2.760687875484278339e-02 -3.767148289510088540e-05
1.382425661402550583e-02 1.762879087996566813e-02
4.141485859890185403e-03 3.024850923943492309e-02
3.231501986895327777e-02 2.488288231222806322e-05
1.630190061111755698e-02 1.232315608822425468e-01
1.162924411662114021e-02 -2.386940006260889618e-02
1.121906807167981183e-02 -8.500590703021712602e-02
