0.000000000000000000e+00 0.000000000000000000e+00
2.409882861627502329e-02 5.391822202559031635e-02
5.591636989132973100e-03 -1.677454485298116244e-03
7.361990062086505582e-02 -8.984897203792125905e-04
2.690012090186106111e-02 4.282605110454511255e-02
2.312767174211203397e-02 2.173098749904302587e-02
4.160280515639840082e-02 1.438233545362442405e-02
8.870048021574605812e-02 -1.133199960199920107e-02
2.966891758313590366e-02 -3.847883509579445860e-02
5.863214280329728106e-02 3.706956596529821410e-05
6.399896163033999552e-02 7.300449748255534443e-02
6.905278555956866071e-02 9.043318994020875523e-02
1.162321542856955686e-01 9.893962526715316397e-03
5.327768152718834888e-02 -7.613394556048855288e-02
5.826494108842004971e-02 -7.990355984020058866e-02
1.997808477100983943e-02 8.266619493227832238e-02
4.271343745458341251e-02 1.171295757719429537e-01
3.533497115414314244e-02 8.947826896474699032e-02
8.180453197015201405e-02 -1.002656439713576070e-01
1.263594981376183202e-01 -7.307680588410135625e-02
4.044138988961733933e-02 -3.603219043246002479e-02
1.985548437241231243e-02 1.172480804832698870e-01
2.545718465298990249e-02 1.193348784105455890e-01
2.381852433624541063e-02 2.006946652585271315e-03
7.237548337005118848e-02 -1.414534823619943982e-01
5.019322177602968810e-02 -3.682214302171867015e-02
3.127784038431850183e-02 3.820454029779576238e-02
4.418076942999076689e-02 3.957326862508156462e-02
6.334868553672072522e-02 1.502157522203066697e-01
2.712191520812795228e-02 1.544390865715959960e-01
3.703723194051706386e-02 3.082185474463116151e-02
4.734581177399484198e-02 -9.126028147840740956e-02
8.582488529306729619e-02 -1.189329598653723202e-01
5.673844349862404435e-02 -8.521110531886082196e-02
3.996738372229535763e-02 4.287102568886066306e-02
5.177175565753028286e-02 3.159064221214872539e-04
4.167375656981203019e-02 4.397117972269737329e-02
3.349657227736527187e-02 1.351598922166684924e-01
5.795413218138800032e-02 1.203483202169212535e-01
3.383853943734944913e-02 -8.900218513505045448e-03
8.284175393477784255e-02 -2.902388887375323065e-02
7.605760629492792912e-02 -6.532178053085785363e-02
6.477493987575549950e-02 6.437314918110384476e-02
3.621353184924144819e-02 1.118000287674022764e-01
4.687300481473585800e-02 9.382534158487911002e-02
2.728525422900831762e-02 1.603573127908913473e-02
5.087507850677443211e-02 -9.454590068600672581e-03
9.968444092710342097e-02 -5.551266727400763074e-02
1.313692837905603150e-01 -3.936369832291322646e-02
6.795727075986329746e-02 -1.209544689248783639e-02
1.152615608966826855e-01 6.492987279309726800e-02
4.616467946544216411e-02 1.279482194708147363e-03
1.131318653292597981e-01 9.816907945968867191e-03
1.000198524974796055e-01 -5.189021969405983176e-02
1.026126620929542488e-01 4.322934270260582208e-04
1.302718043139347581e-01 6.856651969885703413e-02
3.684236768410831253e-02 5.405071785032616177e-02
1.555387869292509939e-01 4.766555588033773161e-02
1.714202894914406694e-01 5.702693251722423112e-02
1.322649016924759280e-01 3.275133080492113880e-02
1.880323092794657092e-01 9.158866764192992449e-02
2.019514396998809691e-01 1.056777845446695875e-02
1.883176423631596486e-01 3.017378179546624517e-02
1.922534608697546443e-01 -6.225780349072367569e-04
1.883914251252630512e-01 1.032041470789129417e-01
1.915137799769192350e-01 1.722350719678383824e-01
1.914840028252066118e-01 1.060628711958831183e-01
1.916124814193222448e-01 1.070564240383065358e-01
1.981432486614896349e-01 1.469195328223292518e-01
1.964220544619829645e-01 1.321829508425746702e-01
2.035914016412094241e-01 8.572863411441233872e-02
1.940125947629175729e-01 1.308370837807905918e-01
1.923969510672683125e-01 3.706461279144928483e-02
1.275587591982590974e-02 -4.214924548082714384e-02
9.815891235216535143e-05 -4.249648023056272679e-04
1.234494192195659387e-04 -5.615786821121642467e-04
