4.500186887195009255e+00 1.499993360250102770e+00 -3.141545144863060468e+00
4.423585268871216059e+00 1.487301279459475545e+00 -3.064022468280650280e+00
4.379269406922010610e+00 1.493815857172728245e+00 -2.969295062367271587e+00
4.254227181497513222e+00 1.471912788331096067e+00 -2.951231974709203509e+00
4.188841300811061430e+00 1.456774146171660567e+00 -2.981396658670873112e+00
4.164844185947678135e+00 1.438983043840908138e+00 -3.098061847698256877e+00
4.126532405179188068e+00 1.433343900239914204e+00 -3.135126951224933567e+00
4.089089620524080537e+00 1.439625167673401318e+00 -3.043191768898189764e+00
4.039011494726699958e+00 1.447631438772544410e+00 -2.921917141761039893e+00
3.938775979867201293e+00 1.423273183126860575e+00 -2.872392562292289231e+00
3.857694471527708835e+00 1.396460787448738916e+00 -2.913981096776890212e+00
3.772907572068000981e+00 1.367151537993494870e+00 -3.022426680437539037e+00
3.722439481408620132e+00 1.358195736694912892e+00 -3.049674402546251439e+00
3.668298505458254422e+00 1.353531180295569847e+00 -3.045434534938087801e+00
3.595842650371439131e+00 1.342440433131484978e+00 -3.018823118156650942e+00
3.509506612221497512e+00 1.338606032177586114e+00 -2.883102928080712779e+00
3.411517987955779763e+00 1.324739934620208004e+00 -2.738184816400988542e+00
3.344750410326087220e+00 1.287554638116160000e+00 -2.650212458611923338e+00
3.254464650367229872e+00 1.233951200260696934e+00 -2.704231572991627086e+00
3.132763789359351403e+00 1.177440891126209532e+00 -2.815472492449171860e+00
3.026552938614667010e+00 1.159401888908187184e+00 -2.908715356141438946e+00
2.907635931910563354e+00 1.136382769610331911e+00 -2.855790807244216190e+00
2.828575200723973282e+00 1.127834565216077500e+00 -2.702871477443864912e+00
2.827486416071391506e+00 1.127458644594130810e+00 -2.687850902398368547e+00
2.721431177174546079e+00 1.073544242515404035e+00 -2.639514265957457084e+00
2.635342086406397222e+00 1.029590385021879051e+00 -2.591243497355177006e+00
2.560870149522192829e+00 9.782647221273538252e-01 -2.561864394884280749e+00
2.509097284104419678e+00 9.469564130903240784e-01 -2.526800037817238387e+00
2.457070676905387163e+00 9.197870555743188348e-01 -2.449631849771425784e+00
2.354528312380452792e+00 8.239384837232058834e-01 -2.359145592435786032e+00
2.281820374932249873e+00 7.523493164626853247e-01 -2.352400987108151043e+00
2.203855610847159419e+00 6.726791580503027612e-01 -2.406721480808381219e+00
2.100443765469750534e+00 5.849131439722606851e-01 -2.426559521283428555e+00
2.044493056989942659e+00 5.396460342804642041e-01 -2.399379314587795076e+00
1.961525097341566326e+00 4.690804625076078205e-01 -2.320899845191794153e+00
1.873406733554276338e+00 3.762590981934938461e-01 -2.331968539380560923e+00
1.812416438259702112e+00 3.203012556212729844e-01 -2.270716544770675860e+00
1.720885289960798259e+00 2.113598832501503155e-01 -2.268849721459198943e+00
1.636256178910802328e+00 1.103835000518158249e-01 -2.268405243425256845e+00
1.543033234427357403e+00 -8.076429141710521342e-04 -2.268231166461354142e+00
1.459518192801605219e+00 -9.888705175050047091e-02 -2.292968132800176306e+00
1.347751798618860741e+00 -2.256483847251080088e-01 -2.325370677501141792e+00
1.264521972601611255e+00 -3.251503684220383716e-01 -2.289334230584640473e+00
1.150252511867137173e+00 -4.482034282657634816e-01 -2.160549305408774323e+00
1.090985403779609841e+00 -5.610167952283749981e-01 -2.048916990212947820e+00
1.008331798878057128e+00 -7.312813076189691452e-01 -1.969026299154199355e+00
9.390134376046684883e-01 -9.107769656974180617e-01 -1.845897088929421948e+00
8.949590035626543427e-01 -1.110296751267350279e+00 -1.725062276561829311e+00
8.809354284778744271e-01 -1.304552110746392657e+00 -1.580833202083424149e+00
8.749795252704580806e-01 -1.503283346240652518e+00 -1.450183590201979733e+00
9.126765093122096717e-01 -1.700265686849036451e+00 -1.328102311058223517e+00
9.731708134972132385e-01 -1.891431158031995796e+00 -1.217807996459762565e+00
1.053065709702522224e+00 -2.078664229767207772e+00 -1.096384672536687699e+00
1.142712095269814432e+00 -2.255979509849919129e+00 -9.543038692553803548e-01
1.274888811467443483e+00 -2.408500119910519377e+00 -8.216628998400882233e-01
1.410702303550072756e+00 -2.537819234518621236e+00 -6.832558402877174641e-01
1.562535524360689543e+00 -2.647017564729659878e+00 -6.328971622895933624e-01
1.604452353854085356e+00 -2.641369294361920694e+00 -7.734486374496969407e-01
1.607282832335148903e+00 -2.641195075302323669e+00 -7.827597522272047303e-01
