0.000000000000000000e+00 0.000000000000000000e+00
6.954530219925306178e-02 1.356494745327536111e-01
5.368473578248927902e-02 1.132037817329467483e-01
5.733552302596819222e-02 -1.054603331048345298e-03
5.907045301791100100e-02 -1.106559734866300188e-01
3.520069239668839611e-02 -8.118704426065244395e-02
1.952993771039244347e-02 6.114627734119331554e-02
3.682147556810486111e-02 6.031594918762208822e-04
4.357875897098030527e-02 8.959646427339286456e-02
1.255760384534569500e-02 5.939439185880496935e-02
5.313035782197465112e-02 -4.172750766928572433e-04
3.234726723562613565e-02 -7.764765427198758174e-02
2.315124739849701296e-02 -1.110219714286726084e-01
5.216107877294127310e-02 -9.300690201557427345e-03
1.819465740948683630e-02 8.238895149257516315e-02
1.602169787877693458e-02 2.322182689329922896e-03
3.373050612082210964e-02 -8.426058464072586074e-02
3.007976584318618543e-02 -4.347977942961363013e-04
2.900642114608538435e-02 3.938567318759112618e-02
2.011615507237964062e-02 1.235184581142887428e-01
4.194304619177165877e-02 1.395156977684603172e-01
2.109837309206294073e-02 -6.836846282948809417e-02
4.489979214064053481e-02 -1.474864862727951198e-01
4.216918795161920391e-02 -1.579973338942427807e-01
1.777613143892233308e-02 3.850328327511773341e-02
2.185123019797796662e-02 1.658084775047714843e-01
3.594962590992847179e-02 1.537630771167952382e-01
2.999434325463246759e-02 2.745222525728195986e-02
2.536724648719506162e-02 -9.372044937542861609e-02
5.035363920308530070e-03 -5.148027667220745783e-04
8.475811666792637533e-02 -4.020441802411697796e-02
2.723462359481355899e-02 -1.083396807196337561e-02
3.426240109902926184e-02 9.303668478333843028e-02
1.572692314574598502e-02 7.657596988921329395e-02
6.110033998185401827e-02 5.718147659082042922e-02
3.297285339258637649e-02 -4.114789659067660116e-02
1.114657571476251365e-02 -7.879731155534579201e-02
5.318417680730037206e-02 1.419462520861115330e-03
3.443122314398726347e-02 7.780719639426934842e-02
2.596558378849952650e-02 1.205049850624610452e-01
7.620911305152039406e-02 7.209889759864894498e-02
5.313215808287650999e-02 -8.425476265207793025e-02
1.112995500193299653e-01 -9.808776956874380726e-02
7.864244495101765930e-02 -7.163896944283361032e-03
1.665707998624645081e-02 1.241012781942991139e-01
2.256529918871165441e-02 1.518435710109354575e-01
6.406872687576422101e-03 4.518854004945472625e-04
4.967504257370362886e-02 -9.542272855538241677e-04
1.030770392477529801e-01 -7.006315113718671050e-02
9.820524930261186058e-02 -2.417566346225374224e-02
3.036102488592330381e-02 3.156189684820608077e-02
5.075089337905842185e-02 2.601627992124164526e-02
3.305301462673533586e-02 6.872733255639701389e-02
1.311659050922088787e-01 1.428739652448617614e-01
2.904961644550641681e-02 6.711634837529767417e-02
6.046996560274731092e-02 9.656583672581445666e-04
2.255408481199661780e-02 4.113136787322854010e-02
1.279061655095585504e-01 2.443456762275617034e-02
4.011596196611235537e-02 9.187657622822129055e-03
2.308356224980266658e-02 1.454238019655583469e-01
6.123105782526342550e-02 6.383611677340574053e-02
1.110626615297961167e-01 1.587986763989164551e-01
4.332988104811154317e-02 1.381984729754509589e-01
7.354781867304291398e-02 1.484475269310265300e-01
5.501240023104000260e-02 1.653926053028290100e-01
1.420851717665100877e-01 1.661417446525858266e-01
1.217931683319786185e-01 1.605391948006953118e-01
7.068459256805033342e-02 1.575126198391476329e-01
3.993719866216557252e-02 1.400622603650808762e-01
1.338157915072706872e-01 1.649528073156683872e-01
8.142128960784722480e-02 1.041108863468775542e-01
1.696263956052116439e-01 6.671040630325214549e-02
3.163243629452149736e-02 9.223286179675936614e-02
3.743968093171631817e-02 1.735593695612804854e-01
1.869063629072512112e-01 1.330982969498806234e-01
6.904933800155357848e-02 1.737881178302795315e-01
1.551195102986726027e-01 1.674467535574709620e-01
1.981222227722400919e-01 7.173185713475886682e-02
1.847347444904607894e-01 1.721913434690242883e-01
1.942517826720935358e-03 -2.136309770114741373e-03
1.507391420281389458e-04 1.868797145502568656e-04
2.456657692482592213e-04 5.369484841411661588e-04
