0.000000000000000000e+00 0.000000000000000000e+00
6.942624633441997484e-02 -6.642377875985568244e-04
2.454618204819451754e-02 6.336649005075818686e-02
9.064396834734303465e-02 3.893128832202464445e-02
3.293968841561782657e-02 -4.773656896669148256e-04
1.960074713569805518e-02 2.704677360592372404e-02
1.038183840535901042e-01 9.852751293107271126e-05
7.046080646381681911e-02 -5.651978754339969171e-04
5.238522212593645089e-02 9.626299273340993773e-04
2.840049875939826968e-02 1.812949636295515740e-02
1.130351828858925690e-02 3.842962846126319731e-04
7.457106696592792627e-02 -1.251045627860756563e-06
3.950507741495185715e-02 3.772858791182106403e-02
9.609268055363056824e-03 1.676859713793005593e-02
5.026632173152924959e-02 1.160083038274238934e-02
1.927093325408749461e-02 -1.660732382406447487e-04
1.057396245853920586e-01 4.467332339546913750e-02
6.873883887188181330e-02 1.963026703903411607e-02
6.039977461592240665e-02 2.545786916877932488e-03
1.252576558400489704e-01 6.208868066383552500e-04
3.804448237323136001e-02 7.309379172506867695e-02
1.147949097430484705e-01 2.032937563300350661e-03
1.354977597392537925e-01 1.562718613673792876e-04
8.803304365051932423e-02 -4.012493930527993163e-02
5.732782341134284171e-02 2.527803108832349832e-04
1.254272256816398312e-01 -5.354056102363423885e-05
6.749778546951860914e-02 9.786796767388822576e-04
1.085445659647468891e-01 1.979442792617979157e-03
8.111282805008251939e-02 8.386528156711788029e-02
3.809240823697905565e-02 9.236230824068811240e-02
1.021604807596967063e-01 4.889933945052255676e-02
9.097263495887168705e-02 2.346435414410723633e-02
6.117398823021255594e-02 2.511236085548704949e-02
1.009408468428293348e-01 -5.255447699464198480e-04
7.587764962200975460e-02 -4.342381443277767115e-03
7.359639935931865107e-02 5.478643690521847655e-04
1.085384219177213672e-01 1.066305569026813199e-01
1.590404270786872631e-01 7.748364286405497181e-03
9.986712593962339402e-02 4.378678428247102100e-02
1.505550883813616680e-01 -3.299006407078183128e-02
1.618742385122042549e-01 7.508256930934603321e-03
1.727369205732631474e-01 -1.690823982579786351e-03
1.073800065206915871e-01 1.111162970839607448e-03
1.515799796890003881e-01 -2.105697332255838689e-04
1.095005167345018127e-01 6.327604230932233620e-02
1.697023760962422245e-01 8.137864451022576136e-04
1.895349573201455806e-01 2.604167594813381931e-04
1.911512407997560947e-01 1.084703583092056917e-01
1.982237423160778111e-01 1.670839297485138264e-02
1.927138674923877526e-01 1.301957857240160499e-01
2.211572259212392921e-01 2.445738448847026205e-03
1.630690180426426217e-01 2.394076074601598353e-02
1.997412006228085901e-01 1.839989789852275459e-01
1.964305363391938564e-01 1.618188648898132020e-01
1.995667109304157250e-01 1.343949071914894433e-01
1.756046825560395319e-01 8.549165677155068366e-02
1.956613805521040250e-01 5.983404479467272635e-02
1.966539250509310444e-01 1.689234579733241981e-01
1.951264360631803363e-01 1.721390515272579746e-01
1.919923666297384396e-02 -6.205856829730121982e-02
1.426150244471756097e-04 -3.977621014705873216e-04
1.472297168813044505e-04 -3.851114672213611480e-04
