0.000000000000000000e+00 0.000000000000000000e+00
2.469413739130179447e-02 1.161918760751519952e-01
1.442870873378074466e-02 1.046210607103226914e-01
2.726370211615088829e-02 -1.523761039196302666e-03
1.211015440798817074e-02 -1.992556273481539426e-03
4.504122988340054923e-02 -1.356556685475054647e-01
5.071944146896046474e-02 -1.155813031715654526e-01
4.170612997840116715e-02 1.684458861801440275e-04
3.551167694272393954e-02 7.936808063138758862e-02
2.253083350911068081e-02 1.245424780678376087e-01
2.446859224558277715e-02 9.810485798415337355e-02
2.605212962807952615e-02 -7.566913535723311657e-02
5.773410602501102135e-02 -1.349931201680492077e-01
9.236969338687037873e-03 -1.152107769608841153e-03
1.641774675017131091e-02 9.564516679622819817e-02
2.148600470141967880e-02 1.445663332951328817e-01
2.251999605895472698e-02 -1.224269176309426138e-02
1.210418843336805578e-01 -1.617530534360272221e-01
2.865043655850354337e-02 -1.687488091005282520e-01
2.739631911110425311e-02 -9.103913591038276243e-02
9.340437589238451133e-02 9.964914157244142423e-02
2.601855617472407026e-02 1.584262730473063596e-01
2.561432871271661013e-02 1.065987689163280100e-01
2.915176241408713037e-02 -2.110713204596889256e-02
1.108742473490308689e-01 -6.209756589157992140e-02
7.236688435845124723e-02 -1.093555284204146688e-01
5.355414592080046804e-02 2.081463885652979885e-05
4.587649910179613516e-02 1.257054140383214455e-03
4.290330996982646278e-02 5.530603177994009110e-04
4.291101853373437830e-02 8.514590043787076228e-05
2.458712495336006637e-02 1.237309763062164475e-01
3.876978172718476695e-02 1.641606901478142866e-01
3.979955755699920300e-02 3.800193109159142463e-02
9.637201271921419163e-03 -1.329252441864369589e-04
7.218151909407770350e-02 -3.902213737636179430e-02
6.396090844457476277e-02 -7.545196671844550673e-02
2.896542330382620087e-02 -8.506408823039138256e-02
2.058566610431715807e-02 6.275440294175653640e-03
6.294789998049932223e-02 1.529490841843779980e-01
4.347145626479106961e-02 1.354824054923048637e-01
8.607770747702774006e-02 -1.123554826923870049e-02
2.990560664343416830e-03 -1.297775933593948170e-03
5.397587942796044230e-02 -9.032928392552100338e-02
7.360771837879308277e-02 -3.037378000368300742e-04
8.406443695865657706e-02 -1.005576420964940376e-01
5.915915968268712494e-02 1.687884806858927283e-03
3.052330613581639290e-02 3.542069287473491312e-04
6.023393770442806577e-02 1.152150109957089386e-01
4.196491144376959803e-02 1.234047558272788753e-01
1.590534083185804817e-02 1.108516052258943785e-01
2.739359568536394243e-02 9.575490992326737578e-04
9.008871296100066928e-02 4.210046117013639677e-02
7.184362691339754581e-02 7.894821392068025745e-02
4.684528324291443308e-02 6.833569880425559295e-02
9.159996391266791646e-03 6.677375141422282022e-04
3.037648088784526690e-02 8.398640132817961068e-02
3.620134258533293931e-02 5.540040297563846028e-02
6.607923394659698246e-02 8.246428440520576475e-06
1.096253835084787798e-01 -1.226439091832818001e-03
5.282458376843951475e-02 5.780836859146794987e-02
1.317250004622104176e-01 1.363460001079926931e-01
1.632911944394855597e-01 1.426318963032854881e-01
5.187204123543250056e-02 5.730570154220781393e-02
1.006343182307860157e-01 4.985859492844257630e-04
4.791396078629944766e-02 1.220331380753046369e-01
1.275803070501509151e-01 1.057807248022207824e-03
5.934386557137006496e-02 7.376343496427679829e-03
1.758530604415445286e-01 1.073541611400519735e-01
1.649056594324592728e-01 1.715233874750955179e-01
1.436442572732040956e-01 1.408545448259077709e-02
1.640878000805918169e-01 -3.849144478420544915e-04
1.548891201422680497e-01 3.783214831341037698e-03
1.979736046668757743e-01 1.629888475350424470e-02
1.507231713904567949e-01 4.984881333509879470e-02
1.988938144867427593e-01 1.134192607396180691e-01
1.449762946507144878e-01 8.934907388171725584e-02
1.836201966587149570e-01 -9.353128568386424565e-04
1.843643899984531154e-01 1.418177193687856358e-02
1.534897402094004271e-01 -2.038174597333928389e-02
1.477553795403911407e-01 -3.340299621740223674e-03
1.446144326103448730e-01 7.184573191960373683e-04
1.477719150996318065e-01 1.838189027487115851e-02
1.918193492405314837e-01 4.082776634677424271e-02
2.147778927843639329e-01 6.863981022325396641e-02
1.017558285105864824e-01 1.335632212737410118e-01
3.771387134131493762e-02 1.754107094697337499e-01
5.691171426427635294e-02 1.543801746039347167e-01
2.640979850636505227e-02 1.776767438008543809e-01
3.967605144482772017e-02 1.559329727197536763e-01
1.434555207378258868e-01 1.774086030739412678e-01
2.506226324354143831e-02 1.771599210104097544e-01
2.449291141798287663e-02 1.773862829950989817e-01
2.361526336758619504e-02 1.787959623992345648e-01
2.350826117998704515e-02 1.664991211178873942e-01
3.862607854631273929e-02 5.003504332552568716e-05
3.875244990330522360e-02 9.786462409892221839e-04
2.405044730262540301e-02 1.817656788750802999e-01
2.395892105934396485e-02 1.800131260294873803e-01
2.310676843593801461e-02 1.762655433597330457e-01
2.507317519359871655e-02 1.892227772592794954e-01
8.576118263330522948e-03 2.526843130559879610e-04
2.110848752439234421e-02 1.289923798322532497e-02
2.336606641877399249e-02 1.769809575191549356e-01
2.525532029430864814e-02 1.795035713882115747e-01
4.308115802188409310e-02 1.053930287649982217e-06
3.998362297807642185e-02 9.579034192737998085e-05
3.327569449651580219e-02 1.713838754764890060e-01
6.187097012364470468e-03 6.129088919991630691e-02
1.345626379385708726e-02 9.268266298003760562e-02
1.882118477775397009e-02 1.940936114829612189e-02
1.594432079264472210e-02 -5.198105084729169817e-04
5.614179654792151447e-02 -6.214962560102256506e-02
2.017059629358442657e-02 -1.597240002420604113e-02
1.587710380025900148e-02 -2.427057104701770690e-02
2.711672613852409916e-02 4.615955368973933800e-04
3.426240063248289780e-02 8.070818772174689860e-04
3.105000629150962699e-02 9.609616185968188062e-02
7.167119117087934407e-03 2.695247289210387504e-02
8.116287083416749704e-02 1.681419280481882914e-03
1.997069000801201741e-02 -1.283736902064670305e-03
3.751105622199126660e-02 -2.822876628575889113e-02
1.088710154510436241e-02 -6.644070656072856296e-02
1.467261516143679792e-02 8.345471976694179839e-02
5.933798448748287685e-02 9.683231987885533576e-02
3.794973137544826319e-02 6.376136235751901638e-04
5.158084498101095372e-02 -1.208682536268194940e-01
3.359163686032206383e-03 -2.248398823916213443e-02
5.559367767466517896e-02 -5.259069168604329830e-04
1.468342733124370378e-04 2.004320940845665672e-03
2.063847505249560843e-02 1.251107036799058991e-01
1.463728560088620873e-02 7.347107369181575531e-02
3.412520864889428268e-02 2.303073940437053851e-02
4.056833000425479757e-02 -5.109343116040514221e-02
6.897512283750092954e-02 -1.025088986779467970e-01
2.321965021008156119e-02 9.128625305921104008e-03
2.790095440688020179e-02 1.083422849848265368e-01
1.018943529292466559e-02 6.748600647269513918e-05
2.095324103431666501e-02 1.678640953320969815e-03
2.517352688060659968e-02 -9.957442745609035935e-05
1.034044488417539334e-02 -3.701513472414397991e-04
3.565766463737210512e-02 3.815130154436454312e-04
4.341945072671998807e-02 1.619182247252704465e-03
3.193137754472593487e-02 2.805603084698065491e-02
4.511510661457293625e-02 6.400015862036913424e-04
1.894056331881991198e-02 2.235796952184304631e-02
1.335313039308804600e-02 5.787346381836720038e-02
7.259161995881316734e-03 -3.899811707217829481e-05
2.507811983701965786e-02 -7.976663128687895565e-02
5.046089614234431503e-02 -4.758477172120587073e-02
2.746293208552845824e-02 3.355162454676575978e-03
3.138209342001428703e-02 8.642405723138804619e-03
2.199756248898560029e-02 9.652046742192102978e-04
1.999895472571524072e-02 3.468635655136321355e-02
1.979096172188792024e-02 2.369761528663779510e-02
1.633682862491134605e-02 3.981093070068887629e-02
1.154775899511122431e-02 7.442731630024099210e-02
2.133288721647063832e-02 1.993330116454940064e-03
1.483533446588635243e-02 -3.876142230329185367e-02
2.639420938575563758e-02 6.646552788255298560e-05
1.070692049182032576e-02 -2.103681463263270754e-02
9.546998097176845680e-03 6.449653321781908264e-04
1.098265947304761028e-02 -3.554410401403569619e-02
3.969463433550620562e-02 2.649855925268668200e-02
2.987004012570656369e-02 3.425375328830258630e-04
4.045621698661212157e-02 6.888166904748008190e-02
3.202472514283233318e-02 8.309584299243683025e-02
3.892917743470233893e-02 -1.927729001345651269e-02
2.660664636198048841e-02 -6.658708532691516579e-02
2.479278975838145049e-02 2.757834557835643630e-02
2.113836850776039042e-02 -7.091701083843365838e-02
3.771285066205918440e-02 9.693063342803221382e-04
1.075524465189134013e-02 4.371675537706679092e-04
3.926782049215488124e-02 5.000110972207382626e-02
2.229563154957485763e-02 3.785522294669248916e-02
3.528822810088069056e-02 -4.054383620845067315e-02
6.340737311346590632e-02 -6.555026918735155916e-02
2.046681828110592447e-02 -7.191826012335467144e-02
5.502733882419199446e-02 -9.486469074447639952e-06
2.555923442469188248e-02 1.371455099210105166e-01
8.115332322249136504e-03 -6.735342021601685349e-05
2.169936614208101133e-02 4.209807941094648870e-02
1.796151904259147072e-02 -5.200408717255566859e-02
2.816193954946902625e-02 3.427945858775748055e-04
2.146778479130267633e-02 6.454398542333934514e-05
2.548779206443459525e-02 6.778764792504055059e-02
1.661600770436098481e-02 2.723269381752341234e-02
5.196584964933479572e-02 -1.504671498187955475e-04
3.252018213075834330e-02 -1.419033458686213556e-01
2.080499190131013948e-02 -6.830558942981111714e-02
2.573692642222490459e-02 5.360389454142788388e-04
2.718058102901826228e-02 1.107769788719325521e-01
8.313080857618187006e-03 1.291360274347583791e-02
7.373545825304843142e-03 3.535667973917838020e-02
2.162583547425190808e-02 5.622952614749541361e-02
3.676170833807139438e-02 -6.805313751286899693e-02
1.848008777976263561e-02 -1.507567387369219676e-04
8.551407322301653180e-02 4.193520940148384008e-04
6.113200217842381518e-02 7.288171348514553560e-02
3.000972525165383417e-02 1.900633197095438418e-02
1.114968610560440436e-02 7.443586016293818330e-02
7.664633077191372601e-02 -4.116124913295843876e-05
1.374468847882663776e-02 -4.426100653411071256e-02
4.406086817941460426e-02 4.432171826265699085e-05
2.954534704148075591e-02 1.643991703102073933e-04
2.189180375540247109e-02 2.757164890426406969e-03
2.774250874050770976e-02 1.055182994270698893e-01
2.417712435341393823e-02 2.281737507303720561e-02
2.609392653835682085e-02 5.006496502619826178e-02
8.202872443553803350e-02 5.085681997827785558e-03
8.844524098599886031e-02 -5.526588162850375879e-02
3.036845017391900589e-02 3.874171900167340532e-02
3.184571768028419264e-02 3.205060340271213837e-02
3.773620190484957421e-02 -1.116813057576417495e-01
6.777310037001665899e-02 -9.332933074499334680e-02
2.945873095702825073e-02 6.759658979559411696e-02
6.743283038743771995e-02 1.418017563959341476e-01
3.485851700944112008e-02 2.831346912866258142e-02
6.837617665446858728e-02 7.161132592269649731e-03
1.163408627474073892e-01 -8.672061924203122718e-02
3.483571452017285991e-02 -3.276809020549224793e-02
1.279124313059873119e-01 1.135050613254867946e-01
1.222352554556194459e-01 2.791594986807920424e-05
3.684141770276601335e-02 -7.986782324444017655e-04
1.860896358620487412e-01 -1.484159868988413702e-04
7.604872526010994505e-02 4.658471557996927276e-02
1.272029229796963479e-01 1.172301981196057913e-01
2.177571291395691278e-01 8.704145179534182922e-05
1.603912039828306046e-01 7.258024864283885158e-02
1.743136248200890248e-01 1.814782957387277851e-01
1.937103236717002963e-01 1.170742195082406789e-01
2.207054274345602030e-01 -1.089523119514326181e-03
1.832396535511205127e-01 -6.440218226920213247e-04
2.107148290663864165e-01 5.227428628788037546e-02
1.924649509610195375e-01 4.892056328911169316e-02
2.017351371853480235e-01 -1.379580813371232822e-03
1.646513530020441429e-01 -6.169483621069870574e-04
1.951428823839521653e-01 3.213027998556465537e-02
1.923315642335604314e-01 -1.129257076024873935e-01
2.130059067285208774e-01 -1.107474366635641336e-03
2.054179587125642692e-01 5.555057586429938861e-04
1.917864643681966019e-01 -1.637867088128226178e-01
1.896948116687325325e-01 -1.545967020273438519e-01
1.899065262508979890e-01 -1.536932017921908422e-01
2.318464994224845033e-01 -3.380501232364586397e-04
1.872776916581963269e-01 -1.427216436113847575e-01
1.889193709888362382e-01 -1.643393440434805508e-01
1.508176383488027128e-01 -1.761749129610578890e-01
2.217869177456839036e-01 -1.045047720007191705e-02
1.082222626395417612e-03 -9.256732460796892985e-04
2.197624299579712531e-02 7.958503406849261330e-02
2.142007292454426533e-04 1.242273328106665003e-03
