0.000000000000000000e+00 0.000000000000000000e+00
7.167188757819532852e-02 1.141856281426056365e-02
1.419563416539847966e-01 8.684097179609827355e-02
6.461710083772809199e-02 7.392895154320584805e-02
7.026391965240741388e-02 4.759823195802076468e-02
6.283908845409272304e-02 3.594198364886576347e-02
5.343040992802378791e-02 -6.137162589102534288e-02
6.224960506433577234e-02 -7.215331030012425706e-02
4.404498729800429557e-02 -2.850476406279558658e-02
2.387954701325552265e-02 6.912722130493133277e-02
3.761257531007520388e-02 1.123427013850989697e-01
5.754383249693606484e-02 2.600834460099473236e-02
1.183191415183758588e-01 -1.765229041405844135e-03
1.521407315417578898e-01 -8.428927238178690606e-02
5.604637657633538411e-02 -7.275917676005135004e-02
6.276839542198189847e-02 1.239193274136540512e-01
3.187698041912787744e-02 1.508839173980461024e-01
2.684817511000799767e-02 6.766368049402088358e-02
1.221385445358885158e-01 -5.673331388177806078e-02
1.195258248410598356e-01 -1.372692219178005824e-01
1.028379434636058215e-01 -8.776647350799701708e-02
7.697081626742365013e-02 1.403893988448843000e-01
4.141508144781769901e-02 1.463872363276715327e-01
3.767001838948817738e-02 8.518780414156962300e-02
1.366261654920096213e-01 -8.663482067795416630e-02
1.058284046299480530e-01 -8.624229673094944981e-02
1.271843061841491374e-01 2.245671402595751740e-03
6.039711958316941465e-02 6.436691268630698182e-02
4.243795437016567584e-02 9.732460440787790712e-02
6.918496411655501721e-02 1.045018694190924108e-01
9.760981303183946522e-02 1.659702180274822943e-03
1.064818838371054954e-01 7.143560583713108592e-02
1.321887446071618455e-01 -7.290197386550849312e-02
9.455295438290346743e-02 -4.281820595486958425e-02
1.647381133994670899e-01 4.227427071553041207e-05
9.711161379347792166e-02 -1.072972466434089431e-02
1.743006945940399066e-01 9.375943372608866455e-02
1.717706065112879488e-01 -1.468761644699095523e-02
1.519440098936804540e-01 1.044673096583746946e-03
1.736379412393662391e-01 -1.253785404325629500e-03
1.887669821023003347e-01 2.264211679779687750e-02
1.880544514757236663e-01 -4.804324661098352545e-02
1.832485201746418269e-01 1.037762650087718647e-01
1.962093330136762126e-01 4.575612083370077243e-02
1.817178456064746095e-01 1.498094509711100919e-01
1.933371668598161119e-01 1.487744605832167222e-01
1.860418997974713218e-01 1.521409931010719863e-01
1.928350636336453594e-01 1.540260578902601374e-01
1.957525224450321344e-01 1.846524778252850996e-01
1.966423450860020350e-01 1.361738836259692165e-01
1.944711671585609702e-01 3.556060086163202651e-03
1.941682435941786689e-01 1.384203708389365184e-01
1.964591953180178374e-01 1.340373184569553233e-01
1.959466137649230055e-01 1.696090617557056424e-01
3.483908362633036937e-02 -1.129104934098935226e-01
1.662947221321076552e-04 -4.347988303845101970e-04
1.662510482182730340e-04 -4.352792989896679351e-04
