4.499951239542432369e+00 1.499999349064369492e+00 -3.141582442259721830e+00
4.431757932737648176e+00 1.501058082345004374e+00 -3.128063157039680409e+00
4.290824376330773404e+00 1.495109512258362416e+00 -3.066732601577331074e+00
4.223258655549879670e+00 1.493483179029685193e+00 -2.999787234090970589e+00
4.153972131819803515e+00 1.474637316207717097e+00 -2.946888258866532162e+00
4.094445369441630511e+00 1.458249520357081774e+00 -2.907024486879535186e+00
4.042892626303200565e+00 1.440304496215339070e+00 -2.960132630897204908e+00
3.983209501005160025e+00 1.421921044847034299e+00 -3.032725008203200900e+00
3.939058961580761409e+00 1.413762908045627764e+00 -3.063131269378663646e+00
3.916430251761234604e+00 1.404687372719539695e+00 -3.002807688613946979e+00
3.884983950200068481e+00 1.383349047917746599e+00 -2.889455423418145319e+00
3.830884666066215249e+00 1.363686660570664788e+00 -2.855220710382597282e+00
3.719191808686640677e+00 1.330541161186277188e+00 -2.854799179923371621e+00
3.570770004253605023e+00 1.292816374135492108e+00 -2.936225552855791676e+00
3.511111692643002158e+00 1.291732654978268835e+00 -3.009647251468318796e+00
3.448066123748936729e+00 1.294694914798401486e+00 -2.895705570667997719e+00
3.416855353455618083e+00 1.305141699466246363e+00 -2.745481920355376193e+00
3.389686984632917177e+00 1.303056454476094084e+00 -2.672555117823558479e+00
3.281876393081439414e+00 1.246254235537399557e+00 -2.708648512799687325e+00
3.171281346816370306e+00 1.210509023522595040e+00 -2.843509207396064387e+00
3.074240237746620696e+00 1.173312441389922967e+00 -2.931996720283200464e+00
3.001281477991928348e+00 1.149893747547085843e+00 -2.797067165513637654e+00
2.974012261135827728e+00 1.116993597512939695e+00 -2.650586468753867830e+00
2.949552980976461125e+00 1.088726424509928181e+00 -2.559988947345948951e+00
2.838765697807507316e+00 1.012112053907835874e+00 -2.634648096543930507e+00
2.740483364114877585e+00 9.554840018517216649e-01 -2.688272444487058266e+00
2.625890635944281737e+00 9.001152004479365809e-01 -2.689688319618558587e+00
2.566560603900705395e+00 8.784406857075689468e-01 -2.626606619394152187e+00
2.524445923030878891e+00 8.678045364300633890e-01 -2.521668766225834801e+00
2.463051994864499772e+00 8.330549180365077744e-01 -2.422682553524787341e+00
2.397088047045478287e+00 7.653420393123182563e-01 -2.378825618953597676e+00
2.318743645240489926e+00 6.922517956262981276e-01 -2.315715560097826753e+00
2.228783510972905280e+00 5.958606382863007589e-01 -2.385293798255274211e+00
2.158629532457010392e+00 5.274468342227079942e-01 -2.429683961827124872e+00
2.034190052792894665e+00 4.202922209475515869e-01 -2.430197350631870812e+00
1.959168605749406211e+00 3.461094257554895859e-01 -2.378976114487960203e+00
1.841934563890493148e+00 2.268079123250963669e-01 -2.307674980738951831e+00
1.725154460324750838e+00 9.753547984949374750e-02 -2.317431478030897996e+00
1.622674239744916314e+00 -1.511457982778952568e-02 -2.310630314605708779e+00
1.504525412861007050e+00 -1.443374045875890910e-01 -2.312376950249593222e+00
1.377244233048715794e+00 -2.856938008841530263e-01 -2.299420251355410283e+00
1.246901314612915312e+00 -4.238820070773373638e-01 -2.345035793571570881e+00
1.115097988204527102e+00 -5.545263848178849653e-01 -2.241928778041730297e+00
9.987020927702148221e-01 -7.125802703934924764e-01 -2.194181885741580462e+00
8.950698606004098279e-01 -8.645113900566717691e-01 -2.048243451123772374e+00
8.194916662347450087e-01 -1.042307075298525287e+00 -1.893104232074545701e+00
7.801632490843143364e-01 -1.222953576376952789e+00 -1.736923053272893425e+00
7.476096264475424746e-01 -1.411224613609067147e+00 -1.612538538816873146e+00
7.425317858053486209e-01 -1.609618906268653893e+00 -1.447139331868306567e+00
7.802408647810596953e-01 -1.803110960448043976e+00 -1.304630695727563072e+00
8.330746784965961105e-01 -1.991080153157408716e+00 -1.293545284472672474e+00
8.872279184555050824e-01 -2.181786504157186446e+00 -1.150168243632882614e+00
9.835200319177175299e-01 -2.352911745705279056e+00 -1.015860139957001529e+00
1.082507240925524972e+00 -2.522635446733243469e+00 -8.536974165724247054e-01
1.220628835501315068e+00 -2.643410637355357196e+00 -7.035724759952669549e-01
1.221378155296384715e+00 -2.643320446300839066e+00 -7.059405258522986060e-01
1.221547064064923305e+00 -2.643302768010644677e+00 -7.063879061846229934e-01
