4.499489630959725872e+00 1.499998629645752590e+00 3.141587311595201104e+00
4.435148399805262542e+00 1.501997250302601117e+00 -3.117765279416679913e+00
4.404589141351614501e+00 1.496258688294996197e+00 -3.079681192330984807e+00
4.318040375870888070e+00 1.482129604198041184e+00 -3.027425309519686358e+00
4.283527749586315991e+00 1.478216268163342617e+00 -3.027644629553418287e+00
4.263517850059715286e+00 1.478828791308355983e+00 -3.002342168643269638e+00
4.161660884163054241e+00 1.464595072927442621e+00 -3.001951122502262148e+00
4.084401293571537472e+00 1.458832294092488713e+00 -3.030922867828075962e+00
4.032997540209295018e+00 1.452431653759273633e+00 -3.024694782197387077e+00
4.003827764142945611e+00 1.449798791661286446e+00 -3.013589116590701611e+00
3.992025073148843806e+00 1.448363480329624142e+00 -3.012522690233319533e+00
3.918518447137880667e+00 1.438827880686081251e+00 -3.012271744429905862e+00
3.877598015857249614e+00 1.437786921572864696e+00 -2.973426702492849127e+00
3.863361726242941163e+00 1.436943928101357182e+00 -2.938125495523707276e+00
3.815063201045665764e+00 1.425395278332603155e+00 -2.928067015882725777e+00
3.794706027530549530e+00 1.421168448438554943e+00 -2.930037121623961127e+00
3.689124522346295176e+00 1.400102867462833078e+00 -2.901668155693732487e+00
3.619457836006143570e+00 1.385794100944802487e+00 -2.872675601339423679e+00
3.559768748416386241e+00 1.369355829618977616e+00 -2.865886499952157607e+00
3.453888114913472140e+00 1.329612035216285904e+00 -2.819070005324390227e+00
3.405316056466275665e+00 1.315288623225759679e+00 -2.805055024006771092e+00
3.288850832676466496e+00 1.278079978633471336e+00 -2.736385900908489432e+00
3.165201962573293226e+00 1.224935124257358288e+00 -2.735399147274431897e+00
3.083631640236397686e+00 1.186296549726511884e+00 -2.772934006989483890e+00
3.028306653992578479e+00 1.165219903950904801e+00 -2.768389581758567086e+00
2.912719793295848625e+00 1.120087381862302944e+00 -2.768938118047329144e+00
2.851064389907585372e+00 1.093612335130187185e+00 -2.756016547699452701e+00
2.736792653021304922e+00 1.050180230545626481e+00 -2.711265760514488310e+00
2.669290745774617335e+00 1.009663859409628550e+00 -2.643920565392543054e+00
2.632240316581373030e+00 9.992980329399195893e-01 -2.555569934271588739e+00
2.547698663839458089e+00 9.471642239153127418e-01 -2.518372364413121289e+00
2.476354214656631747e+00 8.891048340943863426e-01 -2.483632062821055975e+00
2.427374586410675938e+00 8.507900349334297507e-01 -2.465385973835219069e+00
2.349234250680211300e+00 7.881249441420647983e-01 -2.466034836509353845e+00
2.288823936068280940e+00 7.399085642216730596e-01 -2.467145960512823422e+00
2.243710277021001787e+00 6.931007897584189337e-01 -2.419239096983734072e+00
2.155158210837920585e+00 6.234388762906150072e-01 -2.345952220481327899e+00
2.044513954994433558e+00 5.098888361315869755e-01 -2.340073623737498831e+00
1.971553423577241393e+00 4.322277584810839679e-01 -2.324266965519545813e+00
1.871144919263112882e+00 3.243792860706977144e-01 -2.366035827812311254e+00
1.754638566076185846e+00 2.100568362930084199e-01 -2.364253617066430113e+00
1.630874666655304228e+00 8.832348815524486418e-02 -2.367383392700033617e+00
1.551707012359412552e+00 1.078715540015739646e-02 -2.366488382555394843e+00
1.438495456696502028e+00 -9.875892190233576118e-02 -2.338220184996710138e+00
1.371832840759239502e+00 -1.810731575190894227e-01 -2.283682560882808854e+00
1.259306992014177728e+00 -3.112309487528838181e-01 -2.277047901956749776e+00
1.139184124285602673e+00 -4.539869792853150066e-01 -2.271386901570093375e+00
1.020322290416515454e+00 -5.977438475007782470e-01 -2.195249732396335141e+00
9.243083964060530011e-01 -7.466621977735528048e-01 -2.061817298799475395e+00
8.317807759660066358e-01 -9.168886826736455387e-01 -1.943231321719380400e+00
7.727141233130896403e-01 -1.105527159722257791e+00 -1.818615724336078765e+00
7.206088566743126256e-01 -1.294670852900732250e+00 -1.674173086811313604e+00
7.192514781828950321e-01 -1.498763045063766119e+00 -1.558057874316358671e+00
7.349099154984403137e-01 -1.690980323669698526e+00 -1.406647746746848116e+00
7.786161960545789906e-01 -1.882779076600859414e+00 -1.264334497887477315e+00
8.351036731318397521e-01 -2.069624475629118443e+00 -1.102201510226853198e+00
9.283198771146873307e-01 -2.246817190680565179e+00 -1.059374444510542190e+00
1.033161503250890512e+00 -2.402241068958492320e+00 -9.179160752956272429e-01
1.155281960303098376e+00 -2.559819379015369822e+00 -7.490547088655692409e-01
1.260892799640164874e+00 -2.644109472368325608e+00 -6.874881605106689664e-01
1.261692190736520169e+00 -2.643992172395249973e+00 -6.900166416565697292e-01
1.261844332578712757e+00 -2.643972500701266881e+00 -6.904522330985494172e-01
