0.000000000000000000e+00 0.000000000000000000e+00
1.873571418555173285e-01 1.433699864777353283e-01
6.357351025914076414e-02 -1.412030516726786589e-01
1.102865315339125324e-01 1.250611426772895718e-01
5.260789904203815037e-02 1.454215238883680150e-01
1.718206818738805819e-01 -5.168358745632313511e-02
1.131420737696978152e-01 9.183873031236730817e-04
2.124600232293249319e-02 4.709251307366384837e-02
1.787898902130556911e-01 4.312883935984569012e-02
1.697810588711136381e-01 8.899976857289185195e-02
1.800187520171050160e-01 3.103486358069601492e-02
4.904766661786109233e-02 1.451965010772392206e-01
1.663101106657910166e-01 -1.196599796543278693e-01
2.161137906145270682e-01 1.179173296686406068e-03
1.989704987923222868e-01 -1.187200437137703033e-04
4.886983299784418422e-02 7.128003317100929659e-05
1.324891416889612261e-01 1.624857895489648096e-02
4.262135273016629672e-02 1.440524169870647901e-02
9.780854511790516848e-02 -1.716792355316408281e-01
1.727556341024822639e-01 1.194015297512255838e-04
1.829290849187833190e-01 -3.272309666526978383e-02
1.453599066047022992e-01 3.830647565373514456e-03
1.965530840736568752e-01 5.195910011531205876e-04
3.050897958145069172e-02 1.066145919953655251e-03
1.781674638768113161e-01 1.769645041729583923e-01
1.482967834167445986e-01 -1.383713050732393868e-01
3.460400059584576443e-02 -6.653373487129219310e-04
1.069292763105863103e-01 -1.463303223358604077e-01
1.764058005752544289e-01 -2.328949527517633344e-02
1.031040723932919734e-01 -1.446721951267687656e-03
1.406072210409029244e-01 -4.375081568843996321e-02
7.337870980488502004e-02 2.949648954799920231e-02
1.482129032148230552e-01 4.095626018558386379e-03
1.438162977109869525e-02 -1.963441081122109261e-03
1.415226513514240662e-02 -1.028141560673116184e-01
1.447926144107243573e-01 9.226993443880497636e-02
3.724868892586735009e-02 4.946117961199145109e-04
1.365051610740630195e-01 6.376686892045256572e-02
5.558131398949776175e-02 -7.319529649514622260e-02
1.987984362191742016e-01 -2.265258924078491056e-04
1.310577069733861733e-01 -2.490619010863797181e-02
3.684417554892953361e-02 7.030722728369219465e-02
2.368644706774838266e-02 8.634150234221564177e-03
1.044063463470499414e-01 -5.965092246740649057e-02
1.809223426466084472e-01 2.074057893858959056e-02
4.464174322230620578e-02 -8.917146412365335728e-02
1.927935025899134014e-01 4.560558947406744240e-04
1.126352088920017508e-01 -4.925381105345449971e-04
1.744360770954231088e-01 1.012312236831006823e-01
1.667378284345983896e-01 -2.978751596178783934e-05
1.424247678897216582e-02 9.122564867563057178e-02
1.785611961861610988e-02 1.196282508895618601e-01
3.896147831483121743e-02 -1.140758592191162824e-01
4.275950588016471515e-02 -6.904363047479346793e-04
1.536485666644271109e-01 1.749715438871956349e-03
6.563612601519695777e-02 -1.045621973730568310e-01
8.059201439149205060e-02 3.153814612601131551e-02
4.129448126973440936e-02 1.303804249008883864e-01
8.243811613790287540e-02 4.074168772271528804e-06
6.585606075559539974e-02 9.003454068119610965e-02
1.323690211168487008e-01 1.162956919354750374e-01
1.061586587692318062e-01 3.186931419930518714e-05
4.571017013840360244e-02 2.997715263494107538e-02
1.879788967412755751e-01 -3.530304532504072862e-02
9.064467068238440950e-02 -2.836042157579705351e-04
1.132194462196034652e-02 -1.119063534250543330e-03
8.515691810482588220e-02 3.755588222775232640e-04
1.984456013273097341e-01 5.598205599201702774e-04
8.676135603102258856e-03 1.301308372839835763e-04
1.942655036600653418e-01 8.719851033616195235e-02
1.404315806493988406e-01 -1.835640012136311849e-04
1.951143635645228025e-01 1.614145382311602539e-01
1.486979340989145748e-01 -9.719195866765079073e-02
1.866750773764956073e-01 1.520827106560966868e-01
1.387510024186057456e-02 -8.802958462200252687e-02
5.218885783282545265e-02 -1.340509401914664076e-04
